8000
2424.89
168.737
-506.532
-376.064
98.1056
-7.74787
-199.666
29.9542
58.892
180.185
9.19177
-87.4079
49.148
96.6584
-13.9303
-45.8986
-60.8583
-110.15
-160.445
-140.13
-346.477
-46.4616
661.017
717.836
-199.435
-427.606
-144.791
-81.4635
-27.1109
-37.9241
55.549
21.6467
106.799
85.2305
-103.156
-30.8264
97.2199
76.1413
1.17418
-218.821
-61.3584
43.6788
-116.216
-306.921
50.6102
1001.94
180.151
-350.703
-321.411
61.5354
-4.2854
-112.274
-51.7145
44.5696
127.202
9.1273
-106.876
-28.9824
125.172
94.117
-15.6274
-76.3144
-78.0636
-25.6411
-68.519
-251.094
-128.659
351.376
694.133
-88.8126
-287.295
-116.204
-11.8597
-26.8064
-54.374
18.2913
-18.8939
35.3046
49.94
-13.2346
31.9948
99.6995
39.0372
13.4029
-107.195
-78.9255
-6.84876
-62.1642
-245.281
-53.417
660.189
374.037
-187.006
-296.268
-19.9085
21.608
-70.5994
-108.8
-33.661
84.0137
100.757
-2.75986
-31.0957
91.554
97.1686
-5.0327
-111.714
-85.7999
4.70484
-7.93811
-170.973
-184.12
212.51
628.966
77.1135
-236.715
-140.614
-20.1291
-93.0971
-106.094
-9.42715
44.0435
57.6904
48.3789
-7.78717
9.43783
68.2338
37.1123
-27.0433
-103.74
-56.0907
24.0545
-0.558628
-183.638
-106.785
410.272
437.093
-67.8841
-239.546
-91.4847
-27.3851
-47.6633
-87.7243
-4.99609
70.7785
79.0915
-2.4554
-49.7868
39.5317
75.8532
4.48289
-99.2616
-52.2572
12.5801
30.5677
-122.759
-194.639
100.137
481.843
217.995
-149.155
-158.689
-23.6252
-31.8888
-76.2006
-30.3294
44.1781
51.2267
21.9775
-17.1364
9.17143
49.9393
19.3812
-38.6214
-64.9729
-14.7746
27.9221
-43.9416
-177.223
-132.851
279.812
396.556
26.7878
-184.491
-87.5896
-13.6935
-40.5952
-63.6672
-32.9645
38.8767
46.0604
33.2213
-4.48721
30.8547
50.4576
16.6791
-62.6007
-64.5563
0.0552426
10.4062
-102.176
-186.616
4.73782
390.791
304.17
-92.9353
-148.028
-21.9713
-11.0455
-77.1557
-80.9055
0.6587
57.01
64.4221
18.2324
14.2363
49.4743
-3.29316
-47.583
-67.0915
0.0763623
9.34095
-35.0906
-156.485
-130.171
188.964
322.398
136.521
-130.284
-82.0071
-41.8795
-56.1426
-78.2885
-31.9282
47.746
66.7157
54.8414
22.1171
8.08666
4.99692
-9.29838
-44.6625
-46.349
-9.11754
26.8636
-62.4378
-160.512
-48.724
265.914
296.796
-1.89456
-128.679
-63.5775
-26.2109
-74.6747
-81.6346
4.13906
69.2537
50.9013
19.2105
-0.592498
30.7266
6.27344
-27.7161
-52.4194
-9.00836
24.2375
-5.91025
-114.047
-137.001
103.525
261.955
193.437
-78.9282
-88.7376
-52.4596
-49.768
-76.9181
-45.9908
37.8699
47.1665
48.8579
15.8656
5.64602
2.38739
-2.74799
-31.927
-25.9752
8.24319
21.578
-49.7945
-142.804
-50.0801
176.631
259.356
87.8559
-82.419
-70.649
-32.7359
-71.3983
-82.1967
-2.13754
59.8777
49.6331
15.327
1.53758
2.75668
2.09472
-20.0564
-42.7796
3.53436
26.8381
-13.3322
-107.235
-134.713
65.8902
194.417
217.324
-0.158219
-57.7866
-37.8129
-59.4456
-87.548
-50.31
34.0464
60.2696
36.4417
29.6267
13.2557
-5.57025
-15.4923
-21.6222
-6.89292
-11.0468
12.9425
-36.4515
-110.472
-69.65
84.3016
217.655
173.835
-34.1124
-91.8855
-45.3479
-66.2146
-76.4892
-36.2344
63.5412
44.1371
21.9066
16.0317
7.42361
-2.03535
-15.8079
-24.9466
-21.5261
10.2024
3.82114
-64.5633
-124.997
7.27209
134.485
199.436
66.9589
-49.913
-59.4867
-47.2248
-90.064
-53.201
20.22
62.3783
30.4288
23.0322
26.1369
0.921782
-13.7448
-26.8063
-6.18895
-27.0259
16.9503
-25.3987
-81.9422
-70.078
33.7384
162.236
182.856
18.1609
-71.9762
-62.9183
-55.908
-74.0918
-26.7149
56.5458
47.1716
23.6354
9.68836
35.2625
-18.115
-19.9914
-18.3866
-13.7914
-1.7587
4.14204
-48.1021
-103.465
4.7605
79.2543
181.028
118.766
-28.1814
-64.4838
-59.8702
-81.0697
-71.3753
13.9012
65.6699
5.86326
8.16697
41.0948
41.518
-19.376
-58.9919
7.24779
-22.6288
1.92747
-27.3351
-70.4591
-55.0195
11.6367
118.291
164.988
58.329
-46.4868
-61.1805
-80.4487
-77.8668
-27.666
17.5843
34.9119
25.586
31.983
45.8921
-5.43523
-32.9728
-9.27333
7.34704
-50.2229
-2.46103
-10.614
-67.6153
-29.1859
44.8173
164.311
121.748
-1.99522
-35.8365
-58.0209
-79.5064
-92.9401
-11.7058
52.1885
16.6828
24.3562
43.2963
42.1429
-18.2334
-30.53
-5.77174
-45.4102
-19.9593
3.31569
-33.0941
-37.8914
-4.3008
78.9383
117.577
97.2203
7.1528
-49.2101
-100.637
-89.3208
-34.7231
25.2996
19.9957
9.52846
53.2082
81.2032
-13.9819
-38.7571
-6.64754
-0.996833
-46.4041
-7.4691
-8.83267
-66.9055
1.45386
14.6955
89.8734
119.598
61.3231
-47.0941
-76.7919
-82.6042
-95.976
-25.1609
36.4992
24.3346
22.55
48.9535
31.7654
-22.4225
-45.9508
-13.8419
-28.7629
-10.4734
0.164605
-47.5974
-60.0898
8.37358
46.9536
101.329
95.9184
28.5829
-28.9184
-86.437
-84.0848
-56.7745
24.9574
25.4454
8.11922
49.5546
99.2771
19.4524
-54.0801
-31.2705
43.9587
-24.1442
-14.4749
-34.7572
-26.0911
29.5407
-1.13942
14.1741
98.6687
129.383
-3.96176
-86.6275
-79.3398
-55.1599
-23.6749
1.77452
21.1664
37.7955
72.5467
38.9707
-26.6973
-46.6844
-6.67923
-9.67137
-30.107
-5.85771
-21.6064
-16.0013
23.7072
-5.48637
31.9139
103.437
89.0106
-48.713
-95.5636
-83.2168
-47.929
8.50758
10.5676
4.99716
25.0169
98.6155
45.2622
-57.3511
-36.3141
6.80856
-11.3173
-30.674
-37.7241
-36.2816
45.0692
9.45678
-31.1246
62.3734
175.72
30.8791
-112.448
-123.705
-41.7926
-24.0295
-12.1431
7.83744
26.1163
78.6017
91.3527
-0.108164
-62.2455
-26.9882
6.40421
-38.0632
-38.543
-25.6057
16.46
72.4564
-24.059
-4.58353
131.878
126.686
-39.7833
-124.706
-80.7425
-58.7372
-20.6223
14.348
25.5925
25.4102
93.1478
68.2895
-33.5645
-97.1193
-20.9858
-11.932
-15.7713
-59.4463
-12.5807
83.34
24.6716
-57.0332
18.9498
163.703
71.9032
-63.0507
-116.105
-54.3836
-32.851
10.663
12.8662
13.8193
69.5617
110.041
3.34109
-84.3211
-59.0943
0.797732
-40.6918
-38.4327
-18.4778
29.5151
50.3998
-67.3839
-40.4824
107.844
139.092
0.948946
-114.85
-77.2851
-53.5984
-18.0491
13.3238
9.76798
24.3875
82.8861
108.055
-26.3007
-105.243
-46.9846
7.14952
-8.51483
-38.5156
-12.9282
51.4099
3.79709
-58.5022
9.20732
167.627
107.395
-51.9294
-126.623
-75.674
-22.9738
12.7815
-0.575475
-1.10262
66.0324
131.309
67.0135
-78.4627
-78.3465
-6.82106
9.58116
-45.4047
-46.0857
28.0256
39.1745
-59.4973
-49.5274
79.5186
177.018
35.7426
-104.456
-126.971
-77.6392
-21.9256
8.09555
18.2935
34.454
80.8138
96.526
-2.21235
-99.0999
-34.8704
19.8897
-8.42731
-57.271
-13.2718
68.7834
14.7802
-59.633
3.14468
153.583
121.873
-22.1524
-143.736
-106.854
-47.1553
9.27195
13.6637
18.9931
31.1906
89.4026
57.1807
-76.6155
-74.3675
5.76396
35.9054
-62.6092
-51.0532
23.5266
64.4992
-40.8046
-54.0087
54.8347
168.664
70.9745
-96.3987
-134.744
-87.0527
-26.8004
22.6674
35.5611
13.6655
40.2452
76.8843
3.49501
-106.433
-42.2158
31.6392
-2.87879
-49.8688
-28.2072
65.1438
27.5045
-42.9334
-3.79469
123.236
149.534
-29.187
-139.687
-109.227
-23.9718
31.7492
31.5229
21.8336
4.35832
44.6741
56.6071
-53.8603
-75.4618
2.52583
28.394
-56.8713
-65.4215
6.50083
67.2679
-2.15795
-60.2773
27.5699
142.406
80.649
-85.5447
-123.221
-46.4785
5.29806
22.6681
21.3085
-1.41202
14.6418
64.2036
35.71
-69.0603
-30.3362
13.8535
1.08652
-66.2649
-55.8743
50.2929
44.729
-23.2459
-42.2006
68.779
138.987
12.8005
-117.836
-100.434
-22.0314
7.93044
10.554
3.02182
4.35675
48.8361
72.0582
-11.9658
-56.2048
3.10159
15.639
-77.312
-78.8349
-19.1103
75.1985
5.78478
-43.561
-2.24126
121.734
105.307
-66.2523
-114.059
-59.6368
6.81673
-6.32217
7.99433
16.9257
33.9417
56.3188
54.9905
-30.714
-42.4866
-21.519
1.49164
-51.2559
-56.0998
38.3179
50.3058
5.67045
-47.6335
24.8391
126.498
44.5821
-97.8136
-114.848
-9.5426
-3.41125
2.49569
-7.51126
21.5199
44.2517
65.4283
13.1015
-57.5226
-29.5049
12.6985
-25.5531
-62.2281
-28.5838
82.1268
51.884
-27.3904
-40.8334
72.1087
130.665
-8.78843
-118.816
-76.9694
12.4604
-5.45476
-0.722018
8.45196
17.7068
42.6701
63.8388
-26.2418
-57.2401
-12.4929
24.03
-36.1744
-76.718
-13.9931
77.6657
28.6408
-76.0171
-12.184
95.6069
79.7482
-76.5182
-120.954
-34.3491
9.37351
-0.0832614
-18.4855
-1.60342
28.3909
74.9371
37.5162
-56.873
-45.3446
32.0905
3.88213
-78.3788
-71.291
81.1601
89.8139
-19.4013
-66.0807
26.355
138.454
44.1208
-106.736
-93.4469
3.64932
5.1689
-6.51288
-22.4862
20.4191
57.1706
71.5193
-14.2027
-60.8594
-24.1588
10.587
-55.2218
-112.351
1.15261
105.928
69.3297
-80.4164
-56.1643
66.7383
127.693
-25.1554
-118.378
-61.2293
14.1049
10.6436
-22.978
-6.8328
28.7649
84.771
65.2614
-39.356
-46.8267
7.21126
-30.4665
-89.3023
-53.8311
104.185
99.7021
-3.62242
-89.4508
-8.33703
139.579
58.1292
-92.256
-103.578
9.01237
18.7308
-5.11797
-28.0444
-3.14632
48.4494
77.7415
18.4925
-51.7779
-45.5429
-8.627
-48.6339
-54.1628
12.351
96.3621
49.1867
-73.8564
-70.8444
45.6033
142.898
-14.2005
-109.993
-64.8948
23.0839
6.78239
-32.3003
-20.7199
34.551
83.9685
70.7829
-39.6038
-72.1
8.42252
14.75
-43.4549
-52.9708
74.3605
79.5969
-6.37154
-96.8584
-8.82998
143.329
76.4294
-82.6562
-105.613
-9.49025
4.28499
-20.3118
-45.4873
0.980321
45.3167
75.4684
27.3212
-56.2973
-59.2078
0.528402
-13.4277
-59.8314
-30.7082
86.4007
68.7707
-63.4097
-70.4996
34.3315
162.351
9.83831
-96.0665
-79.1489
11.874
14.0871
-36.2621
-18.2839
42.7881
68.4971
65.2072
-28.5565
-68.7147
-13.9529
19.2733
-41.6688
-83.3584
50.0107
88.5767
20.6845
-101.129
-33.8391
119.867
93.541
-64.9244
-110.792
-4.41393
29.3969
-7.57312
-45.0079
10.3695
68.7952
57.2433
21.9863
-50.0708
-48.2901
13.5562
-18.7865
-65.7131
-47.2363
109.11
66.9267
-40.6903
-60.3531
6.45456
133.525
23.0327
-57.7263
-74.3216
15.6113
3.13554
-41.4919
-14.4275
36.4107
59.9769
43.5727
-3.14308
-41.7161
-31.1586
-5.11078
-31.4494
-82.0757
35.0153
75.487
49.9237
-77.9059
-36.6974
57.6197
116.342
-17.5395
-92.8863
-24.5916
11.0442
-8.44949
-69.302
4.74485
67.0039
49.062
37.6117
-24.0406
-35.5701
-3.21897
-25.3974
-69.7684
-55.596
117.283
60.5357
-26.0635
-79.5752
4.42908
133.359
37.8322
-52.0115
-92.3699
2.39777
-0.336661
-51.1051
-33.2312
43.4858
57.7171
45.9851
18.9311
-17.9598
-35.8163
-18.737
-45.4939
-79.8987
29.5406
75.5298
49.8378
-73.65
-28.241
59.9307
98.3303
-5.99288
-69.7145
-52.4176
-4.96324
-21.2262
-54.828
7.74427
81.5695
66.514
29.2668
-21.2791
-41.5914
-5.98059
-12.5143
-54.0281
-62.1479
82.2356
74.2045
4.27693
-64.0128
-9.78268
123.803
56.3722
-36.2298
-81.4039
0.663891
-11.2769
-46.4772
-37.3619
57.963
79.0037
31.0317
3.8142
-25.4413
-16.1353
-23.7444
-46.7252
-66.9021
14.0713
73.4004
35.912
-58.9874
-32.2284
45.9561
103.093
12.1561
-61.8444
-69.4427
-18.0501
-5.35029
-47.6598
-6.99156
69.1105
56.3457
26.2373
-3.17874
-28.483
-2.61504
-16.8443
-54.8684
-53.7058
54.7124
74.2924
5.81455
-62.2938
-8.4596
112.578
75.7715
-32.1297
-84.3213
-28.7433
-1.09825
-31.3681
-66.2748
60.3007
75.8498
23.414
-2.86638
-15.7485
8.60666
-30.6485
-52.3223
-72.0784
8.74637
72.3103
32.3696
-36.646
-49.2799
39.9596
113.312
35.0196
-68.8456
-73.2943
-12.3902
-13.4779
-40.2424
-12.5695
68.8356
40.9058
18.0943
19.9067
-9.07903
3.94768
-38.73
-45.2153
-49.8108
40.7241
77.902
19.5599
-30.9692
-14.9298
93.5809
97.3241
-28.45
-79.7938
-58.576
6.45279
-5.62134
-40.9136
38.0385
68.2884
31.0372
-4.66094
11.5191
14.0422
-19.7668
-59.9372
-74.3069
-9.11585
55.6392
54.4693
-24.5721
-21.058
35.2877
102.518
15.1539
-66.1262
-68.6105
-9.39212
-7.30125
-48.2349
-29.4136
74.6532
45.0504
14.3011
18.3093
7.06884
0.39271
-60.9349
-56.1401
-44.2644
-5.78606
69.4728
25.2674
-12.802
-23.9889
62.4426
74.441
-18.647
-71.2936
-49.4025
2.33135
-7.27197
-40.6075
23.9728
77.0066
47.0124
2.03455
4.53172
8.73891
-12.5515
-58.8637
-62.8347
-12.7184
30.9937
58.6363
-10.304
-33.6738
13.1895
94.0605
30.8182
-73.3877
-65.2501
7.25192
-4.3096
-25.3398
-34.2452
65.1333
61.9971
4.62881
6.96073
10.8833
18.0843
-46.9751
-45.5273
-24.9025
-30.5893
55.8368
33.2106
3.26021
-42.5768
52.8719
85.0323
-27.4372
-82.0781
-51.1426
0.631724
-15.3396
-40.8948
14.5995
76.4046
33.5202
-19.0415
16.3112
17.4757
-6.6706
-41.1651
-40.5227
-15.8329
-23.1225
71.9979
51.4929
-14.7456
-18.5306
71.1005
63.5035
-52.5664
-57.9468
-14.1854
-6.72568
-26.2668
-38.1898
58.1586
69.9848
-2.94586
-34.2317
21.3327
32.4253
-46.838
-59.6281
-46.4938
-36.5443
52.6666
56.8114
22.7087
-54.0004
19.0373
73.8182
23.5897
-52.3758
-46.6103
-8.81232
-18.5959
-25.7562
1.05714
62.2547
34.0925
-8.88969
26.9911
19.5808
-22.4747
-75.9302
-58.3696
4.34463
-20.2312
69.2457
30.7717
-11.4763
-53.33
50.099
77.259
-20.5089
-62.9305
-29.4524
-10.2738
-19.633
-27.4592
38.576
70.6071
8.86532
1.75177
17.492
28.8229
-53.3425
-55.6869
-28.7862
9.43813
21.8636
45.1443
10.5106
-46.7563
7.13687
56.9505
64.4231
-43.6365
-47.4807
-21.5881
-20.9557
-25.2849
-9.21434
50.462
35.6542
-7.37639
12.1283
22.9031
1.52702
-59.5952
-54.2474
15.0396
-26.0953
49.564
25.3798
-5.93629
-39.7319
24.844
82.8763
19.3338
-48.0174
-42.0681
-29.8658
-29.3139
-16.8477
42.4367
54.3192
-2.55593
-14.0605
24.1678
46.3759
-21.7062
-42.4593
-40.7401
2.14335
-1.5712
40.1488
1.53708
-27.8164
17.0398
48.7028
52.5549
-25.4132
-64.9815
-30.3711
-34.9835
-5.21855
-8.79528
54.8202
31.4793
-17.1599
-1.46824
29.009
32.2566
-45.4137
-52.1787
-3.9234
-17.1314
37.5035
18.7993
3.68141
6.42303
46.1791
44.5239
11.6399
-48.7014
-43.5801
-28.2658
-31.1396
-23.5454
30.662
53.7698
-3.63335
-31.8389
19.7573
45.8544
-4.72648
-52.6267
-61.7218
2.81015
6.30581
19.7618
-2.75212
-2.35336
42.0373
34.4013
32.9145
-6.66947
-47.4435
-23.647
-41.0214
-18.0558
4.53885
64.6195
40.7412
-27.428
2.54539
31.7849
37.3164
-50.0985
-63.6458
0.135358
-9.98131
7.31909
2.90285
11.2211
23.5604
22.2932
13.066
22.6595
-10.4167
-43.1669
-38.142
-44.9167
-12.1856
20.0286
59.8639
9.36457
-31.8136
6.79452
50.5047
5.12445
-42.5874
-52.4876
4.2586
-4.83076
12.6837
5.04804
18.1136
53.884
-4.44299
19.7861
11.7801
-21.4244
-35.8229
-24.2964
-13.9587
-2.74112
48.4696
54.3454
-7.95462
-28.6207
22.0268
44.3166
-18.5155
-44.2742
-20.4168
-12.7595
2.55526
-3.00013
18.6305
42.3516
20.1539
-17.3477
16.5853
10.2428
-34.2878
-38.0873
-38.9635
-8.12373
17.3893
64.7028
22.9234
-45.7626
1.92343
51.0618
29.6765
-35.8615
-55.854
6.90882
-25.4298
4.83693
-17.8033
24.2566
56.8395
-5.2358
-5.31069
15.8856
-11.448
-42.6943
-31.7484
-24.6386
-7.49827
31.9091
65.1461
3.21338
-32.2815
11.4837
60.6445
25.0756
-55.2226
-58.9908
-2.14559
11.2129
0.752932
-2.31341
46.1822
46.4514
-30.2296
-2.44918
17.2794
-18.0169
-38.8448
-66.8413
-20.8556
18.1235
75.1634
16.6811
-43.2126
-14.1217
48.7661
51.4685
-28.7709
-77.1378
-29.0401
2.34125
8.45237
-29.5836
18.4499
77.8378
-0.0920778
-25.0323
35.6
8.00189
-44.3342
-43.8631
-31.9596
-6.19495
27.8667
55.4981
2.62198
-28.7754
8.13966
62.4428
32.8296
-67.0572
-60.9811
9.75149
12.0668
-15.6263
-13.8459
52.6167
51.0916
-23.1072
3.50172
23.6981
1.19686
-39.4252
-55.3239
-34.7794
5.11536
69.4242
32.9282
-32.449
-5.83181
46.1529
46.7515
-23.5962
-73.9779
-23.9001
30.2419
-1.27985
-39.6093
23.2947
77.6092
11.5888
-20.2742
36.7287
25.088
-34.5259
-59.8066
-50.9284
-13.5274
44.6066
42.4115
-5.52967
-25.7432
17.7262
43.5838
22.0342
-48.787
-49.6529
7.2597
7.79352
-17.1713
-27.6625
63.7851
55.3795
-4.88996
2.88181
32.3077
-2.64134
-48.4321
-55.9943
-41.0855
14.9218
58.7152
26.0283
-34.4732
-22.6317
41.2537
41.5507
-6.19035
-73.189
-27.6215
24.3498
-17.5048
-48.3373
13.2061
97.5196
15.8647
-24.7496
21.0389
30.4476
-14.6239
-59.3477
-42.5445
-7.25082
50.4328
47.2283
-6.98541
-16.9917
12.1317
43.2929
33.0449
-20.6662
-38.602
-7.23024
-5.53564
-25.1296
-26.7316
43.8935
58.9349
-9.60141
-2.95774
33.7062
-9.24351
-60.8856
-51.7469
-31.6543
0.766298
48.7789
38.8737
-28.9237
-25.9564
36.1636
51.8301
5.86825
-59.9651
-36.2496
17.5191
-15.3202
-58.7756
4.48315
104.91
46.6988
-6.83449
1.78135
25.9856
-13.7611
-66.045
-59.6852
-13.5133
44.0856
48.1429
5.73484
-33.0251
13.0764
53.4037
20.7313
-37.3904
-54.0142
1.57197
-31.0828
-43.7582
-35.1642
65.422
68.8507
-3.93718
-8.10258
23.0074
-9.69996
-55.6189
-61.4568
-39.4149
11.2261
61.6653
51.5154
-6.87393
-34.121
14.1141
49.5036
19.1641
-49.1293
-58.125
17.5919
-2.55597
-41.7796
-0.625308
94.9332
56.6597
-14.7648
-6.554
10.4605
-10.6144
-41.2961
-59.1358
-19.1503
55.5227
50.1952
-10.508
-46.2455
0.1993
55.9927
29.7894
-24.6936
-43.7649
0.962079
5.13805
-39.9329
-36.7382
65.2742
68.6038
-3.38834
-27.9723
31.6766
-3.8422
-48.6776
-39.7599
-6.55649
7.57188
14.049
31.659
-18.276
-38.7995
17.272
49.0947
36.7117
-38.3015
-36.9401
19.0815
-5.07657
-51.388
-17.9842
97.6706
55.5716
-16.3609
-14.1833
24.8763
-6.90839
-28.886
-45.086
-29.6
24.4134
28.3144
6.72814
-41.0111
-10.3565
53.0158
47.5253
-17.6672
-44.89
-4.44765
-0.283299
-40.0504
-44.3437
49.9819
99.3209
-3.4259
-41.7522
33.8729
26.5787
-40.3191
-50.9362
-22.7654
-5.97234
18.2502
25.3444
-2.37502
-32.3244
12.9106
51.5763
28.4755
-48.7973
-52.5921
5.39709
1.69057
-39.5851
-20.3431
79.1968
59.0638
-13.2542
-29.951
22.1675
-4.86378
-21.2712
-38.4962
-26.9204
13.364
31.3933
20.2876
-27.2921
-21.741
41.2955
45.7313
-17.9192
-63.1078
-30.8253
23.5197
-24.5563
-55.0312
30.8834
87.0391
9.42024
-48.2294
18.5471
27.888
-16.8819
-24.0334
-22.6478
-20.7505
20.8647
35.0113
7.13171
-30.4276
9.36556
55.4177
35.9648
-24.7651
-46.4434
-4.434
-3.72228
-37.2418
-16.406
65.6328
45.1358
-11.7785
-37.6411
33.4112
12.8145
-16.6802
-34.3677
-43.3524
-4.25317
24.6347
36.8872
-25.5559
-27.255
44.541
70.8549
7.44041
-35.3962
-38.826
-13.6993
-28.0146
-23.6577
21.9739
76.2162
22.5891
-43.607
11.3312
29.2518
-12.1443
-43.0903
-51.5273
-22.4636
5.07606
31.4648
-5.19888
-27.8684
15.4632
64.1295
51.3604
-33.3614
-42.3063
-21.8956
-8.69407
-22.3127
-8.59932
50.4156
59.3018
-0.7185
-30.0515
36.3583
15.3774
-21.7056
-45.0677
-42.6638
-4.4168
20.2481
29.6725
-18.4568
-18.1934
43.0548
52.7346
-4.62812
-64.4663
-28.0759
3.13628
-24.2012
-15.1076
13.7076
66.5919
20.6228
-28.8911
0.79295
45.3333
5.90015
-42.3823
-39.9134
-17.3681
1.02296
29.3293
8.47992
-27.1889
7.39283
50.2289
37.7997
-29.7047
-38.9275
-12.2152
-5.45508
-22.1486
-16.4184
48.8847
46.9637
-6.04759
-27.5216
47.5459
27.0106
-10.612
-26.5297
-39.9977
-12.7647
5.95005
36.8079
-1.40669
-15.8148
36.7499
50.1323
8.68464
-50.998
-10.5828
-4.10228
-21.5914
-34.8689
6.96312
50.7103
29.1749
-21.3917
0.138148
30.732
20.0979
-36.1001
-45.1587
-51.3138
-11.5201
37.3928
24.6167
-18.8122
-5.24415
43.2824
22.2674
-17.344
-20.8805
-7.89538
-9.37875
-54.1849
-24.9976
48.527
61.298
-8.67523
-32.228
45.7783
28.914
-8.53791
-40.8843
-53.0911
-20.8459
10.7118
54.3075
-4.22571
-30.4414
8.34229
45.0143
32.1626
-49.2786
-15.8064
9.16842
-17.074
-38.5721
-10.294
65.9916
32.0304
-22.0675
-9.64859
47.3088
15.5086
-37.055
-51.149
-39.3282
4.1329
37.8491
36.202
-27.7631
-19.0229
34.6378
30.3995
1.28733
-21.3224
8.19893
2.24976
-54.3895
-41.4645
32.9827
78.002
-8.35567
-34.4534
36.6594
26.2073
-8.68994
-31.9391
-28.6459
-25.1301
6.26927
34.1222
11.9403
-18.0485
-1.32051
37.4113
26.8219
-25.1794
-0.253284
18.5967
-24.3874
-63.8093
-11.5615
56.1959
45.6124
-32.7402
-7.33519
41.9232
-3.5081
-21.3998
-44.3505
-21.0543
-12.7549
17.6443
46.6827
-15.8318
-20.9895
13.277
29.7935
1.69546
-23.4479
10.1016
2.68761
-51.1812
-50.129
18.9548
80.6672
-0.652215
-31.9146
21.2679
30.4529
-12.1503
-31.4726
-20.6489
-16.2486
4.32388
32.6692
9.55214
-21.335
-6.99773
31.2922
23.038
-12.3005
-8.77114
27.1122
-10.3118
-62.3593
-13.795
48.9194
45.9901
-19.1649
-18.3691
32.4777
-1.74308
-15.0728
-27.1695
-17.1753
-16.3122
-2.00751
32.6593
-5.62274
-31.445
1.19641
29.5747
17.3979
-28.0578
11.2025
9.84766
-34.5863
-51.8589
25.7585
78.6038
12.5848
-32.2935
6.17934
23.9441
-1.39948
-6.45196
-27.7247
-17.2677
0.77278
22.9878
25.5889
-26.3662
-8.97763
26.0241
25.9595
-3.36248
-32.086
9.94142
12.4616
-42.171
-33.1624
35.552
47.6497
-14.1984
-30.7641
20.9936
-10.0635
-12.3397
-16.4146
-20.7364
-16.6916
17.2248
35.056
-15.1114
-42.4074
1.24869
41.1619
25.0684
-30.9845
-14.59
24.5834
-14.6351
-31.6922
7.79275
52.956
36.6575
1.08538
-9.82478
-9.06788
-8.70646
-2.062
-5.72507
-0.805226
14.9864
19.3337
7.38517
-29.2838
-32.5977
22.7465
42.0675
7.51434
-29.9172
6.8876
15.472
-26.2564
-36.9767
20.7125
55.5324
-3.23466
-28.7322
2.30742
-12.9541
-4.68445
12.2513
5.1808
-5.29855
-13.1817
-0.8021
-5.50747
-20.3729
-4.93413
25.8529
27.894
-0.176917
-8.98944
13.7988
5.57473
-36.8501
-18.749
25.8665
37.1631
1.5106
-17.8967
-4.46237
-10.8663
14.9486
17.3021
4.13942
-2.60973
-19.4408
-18.5291
-16.8011
5.71573
17.1217
28.8655
3.58377
-16.7854
3.03057
9.71639
-16.2817
-55.1825
-14.3506
47.0429
13.9251
-10.9952
-8.71419
-12.8911
-1.58977
14.7971
4.73971
-7.26923
-24.0006
-27.4499
19.9304
4.31358
4.21977
12.3408
38.9837
3.13829
-15.2132
13.8079
3.28473
-31.6787
-22.5689
18.9782
53.7154
-5.99916
-15.5981
-2.14084
-9.93721
13.9344
2.41764
5.75971
-18.2104
-18.2432
4.56755
8.9663
1.86582
-18.8185
27.1707
31.9073
-11.4587
-11.645
0.548733
-7.21005
-34.9876
2.94739
45.3612
21.7982
-12.252
-25.09
-10.9799
3.59426
28.9475
-2.59628
3.87597
-23.645
-4.69396
14.1241
7.30348
-11.114
4.21218
39.125
18.9091
-10.7407
4.93811
-10.4805
-13.6978
-16.0898
8.75235
36.5793
-12.2264
-34.0874
-0.929426
8.9738
23.3067
7.32743
9.46114
-16.6318
-20.6024
-21.2358
6.08545
5.20932
4.01332
19.9657
24.7817
-3.98654
1.78181
1.87323
-3.69311
-18.4926
7.24773
7.31184
7.97295
-32.1895
-0.665405
8.13119
13.1349
32.4201
4.09997
-1.8874
-34.4292
-31.7508
-11.2967
1.0887
5.33542
24.0889
33.5722
10.6256
-13.9392
-10.8679
-22.5612
10.1311
9.38461
-6.39448
-4.897
-22.8572
-8.27994
18.377
19.5485
17.5611
5.9833
0.822634
1.42721
-37.3425
-35.3592
8.53438
25.4253
13.3391
21.524
23.2227
0.267583
-3.97468
-11.7866
0.90496
6.50305
15.7974
-33.8503
-18.9283
-5.62539
22.4563
1.71592
20.3575
25.4243
-14.064
-7.53623
-38.1605
-36.583
-6.39913
22.3023
2.84598
7.74075
23.9541
10.107
-9.05746
11.9023
-13.2195
9.90191
-2.95696
-3.93331
-25.8537
-2.71477
-3.35549
31.5182
32.1553
16.6573
4.44131
-3.72349
-11.3001
-38.6046
-25.2099
16.3393
33.1318
6.35533
2.72355
9.49175
11.7482
-0.277528
-9.1184
4.72094
6.21086
17.338
-44.0485
-7.49885
-15.5274
27.3568
18.9668
13.1324
18.6243
9.45779
-2.51226
-41.2559
-38.5487
-1.41598
9.50609
4.50164
11.2398
23.183
1.43775
-10.9902
-4.80563
4.69875
25.2812
-14.7196
-11.8039
-42.8879
-12.9997
-14.663
41.2969
33.7672
16.2778
10.4206
-3.42475
-7.7542
-41.2487
-31.0814
4.76863
30.2954
25.1076
5.57499
12.701
12.7335
-9.95466
2.51664
-2.28663
14.8952
11.5235
-38.0189
-30.5933
-12.8419
26.6978
27.0944
10.4313
26.5734
17.8884
-17.8421
-43.8332
-26.2191
-2.93983
15.005
11.5087
6.23325
15.495
4.60316
-8.23534
-18.4201
8.35167
13.6508
17.0216
7.23439
-38.7307
-26.7589
-10.3617
21.5115
18.1568
37.1871
25.1482
-10.455
-20.5252
-36.0426
-25.0063
11.2715
27.9692
17.4086
-2.05664
8.52873
8.73989
-10.0179
2.08053
-1.98035
21.858
33.0963
-31.7254
-50.8578
-22.2742
16.9335
26.5414
28.3252
33.5331
9.39249
-29.2755
-45.7257
-20.6837
-0.653466
13.0984
5.1238
-4.0707
13.4914
3.28435
2.16403
-22.8563
15.0057
17.6272
11.4075
7.07656
-47.8349
-11.379
-2.69018
18.4005
22.6906
25.2941
14.9112
-15.0499
-25.9045
-34.9173
-24.8316
-6.95849
27.683
0.788464
2.31244
4.88723
13.855
4.34525
-16.0919
-11.0032
-4.39204
31.2348
-19.8447
-31.8049
2.29832
21.7356
28.4305
21.6395
26.1023
20.0875
-19.9844
-35.7328
-20.4478
-7.02096
3.0454
-1.706
-3.45038
11.5485
24.8517
17.9495
-34.8119
-13.2967
-3.25007
13.0558
6.9188
-29.5232
-11.9959
6.92068
30.061
9.88812
21.1172
17.1013
-2.03195
-28.1005
-21.3611
-18.0883
-5.23999
11.6096
-9.90017
1.15322
19.8956
30.7846
-11.7529
-44.3626
-4.93809
8.06055
20.7783
-26.4248
-32.3896
-7.34217
17.8331
20.0629
4.77576
19.0775
29.9386
-11.8827
-38.7398
-19.0838
-5.57055
-5.71395
-0.525707
-4.33327
14.363
32.2974
32.0364
-47.6958
-3.41774
6.25972
11.7373
14.0834
-20.2058
-11.6908
2.30026
32.1445
8.07735
5.58278
18.8464
15.2214
-25.905
-25.3881
-11.3778
-16.7743
7.85479
9.63024
-0.193996
27.1197
33.6502
-7.18594
-45.4103
-14.0352
-0.75533
28.4329
-2.83089
-26.3033
2.61557
21.2203
22.1674
-11.0058
7.51417
35.0487
-1.19271
-25.33
-20.4048
-15.005
-11.2275
5.05936
8.22741
22.0845
27.6774
27.8739
-45.0654
-31.8171
-2.002
6.31445
12.1294
-5.26486
-10.7743
-1.03901
22.7432
0.288199
-13.5245
12.4953
29.9131
-12.2405
-13.09
-25.5468
-12.2205
2.3603
9.06539
0.893353
16.3465
30.5708
9.95435
-60.2257
-5.82616
6.12531
16.1156
11.1585
-13.1092
-7.65808
-3.76949
14.1034
-9.00654
2.37351
34.2403
2.02514
-20.7538
-18.8295
-21.7034
-4.85142
8.83375
5.04136
4.72929
33.6907
43.2373
-18.5154
-41.9885
2.25548
4.10477
15.5434
5.90619
-16.7237
3.84685
11.4078
15.2631
-5.57619
12.2588
29.9517
-11.3033
-13.2695
-18.5424
-21.1836
-1.23967
2.1522
8.05994
21.8587
49.0925
17.4226
-55.8277
-26.6191
0.906668
16.6101
21.016
13.9199
-26.067
-8.90636
26.3618
3.19517
3.24796
3.59321
9.17624
-13.3496
-12.408
-14.5161
-23.9587
2.65656
11.347
17.0595
21.0408
40.6819
-10.8954
-81.1912
-4.55208
10.3799
27.3913
12.9692
-18.4865
-15.2209
2.5082
24.3663
-15.8504
5.65114
31.0057
3.07763
-23.8968
-8.94334
-21.945
-13.7819
-4.70878
21.5893
24.3664
31.6627
8.21488
-49.5333
-45.107
16.3055
16.7696
17.3653
12.6252
-23.864
-17.4337
8.94358
2.87377
7.72533
16.5515
17.977
-8.72489
-13.278
-2.5279
-25.2411
3.03021
9.49331
10.1366
4.94719
41.7338
7.68033
-54.2166
-13.3657
5.84442
26.0824
17.705
-19.0097
-25.7512
0.0226411
28.9682
-8.09596
11.3474
32.5749
13.9492
-26.9472
-17.8447
-7.54269
-14.0284
0.802459
-2.31755
17.8231
44.7643
29.2733
-21.817
-50.523
7.26713
5.99042
18.7736
18.7799
-14.7993
-12.1882
16.8731
22.9751
5.78926
8.49151
19.0758
-6.12524
-1.81548
-10.5481
-40.9998
-0.370393
12.1168
8.29982
-7.2002
52.3328
18.6221
-50.6803
-67.155
5.98644
34.5508
31.7717
-6.55845
-24.7196
7.88125
27.1057
-13.2662
-12.3441
13.7455
26.7164
-6.41901
-18.445
-15.6572
-28.4081
6.27382
9.19168
-5.71477
9.3968
47.9278
-8.3629
-60.5348
-22.3399
16.2017
40.6718
13.9627
-5.26926
-21.298
9.64463
16.6844
-7.5843
5.6326
20.7249
17.2034
-0.388933
-16.6473
-33.3264
-21.5538
17.7172
7.86799
-19.2319
36.9613
28.3993
-15.6362
-63.5045
1.36245
16.0702
27.3998
11.8273
-18.6153
-10.0252
22.9119
8.40264
-12.482
2.09377
29.5512
6.16537
-7.83061
-14.1805
-28.3976
6.40424
4.66294
12.1558
4.18346
51.5641
15.3937
-39.5069
-43.218
11.9157
16.8549
13.514
-2.96864
-28.957
10.5177
28.9893
0.258677
-10.5525
6.00361
12.0202
6.81598
-9.96358
-34.5646
-21.7004
5.20641
15.0092
-16.3442
36.5498
32.9226
-4.62519
-40.6553
-14.7452
6.9265
16.3203
23.4428
-30.3551
9.48268
33.0657
27.1453
-11.2834
-7.80537
24.1489
15.7551
2.32448
-31.9226
-29.3514
6.73342
7.2614
-3.97952
-12.0109
53.4877
40.2813
-23.026
-68.6498
-16.8039
24.0899
12.619
-16.828
-27.5265
29.9603
32.1324
-7.75783
-17.0758
1.49335
23.3033
-2.26715
-15.7126
-19.3761
-18.2971
7.34324
-14.1562
-14.5399
24.3647
58.9219
18.4139
-47.1043
-63.0157
-4.58024
30.4319
21.1977
-35.4932
4.05539
45.9833
40.1666
-19.7559
-32.8375
9.88695
22.3901
17.7351
-26.0396
-31.8341
-8.30648
2.88977
-4.02484
-1.70373
62.7716
55.7341
-16.1522
-75.4822
-36.1453
19.6329
24.7488
-17.3981
-31.0759
47.2278
51.9275
-6.12533
-30.9761
-12.6464
17.922
19.7911
7.23282
-25.2636
-21.2174
-1.91082
1.58692
7.13488
31.478
56.3894
21.983
-30.4286
-78.7237
-8.73511
31.8046
21.1232
-41.8274
21.6037
47.704
20.9142
-19.1532
-29.8707
1.93104
14.1397
28.7503
-23.7111
-30.9675
-10.3995
6.40096
-5.77163
4.35844
45.7837
50.6877
9.40047
-62.507
-67.9732
14.418
26.511
-5.09088
-27.7436
40.0759
48.0923
0.91721
-10.0596
-25.6084
22.4157
28.8589
4.45407
-46.8411
-32.7871
-3.00052
6.10598
-5.849
18.4201
54.9669
43.5454
-24.063
-83.0439
-16.8721
17.2936
7.69099
-38.9585
32.306
41.4058
15.4951
-11.1109
-9.91339
-7.23121
3.67559
28.034
-22.5031
-58.7254
-16.9179
8.82907
14.2213
1.35944
21.5484
57.3003
26.8845
-21.3221
-97.3453
-11.5335
16.0435
5.36123
-14.0556
35.8737
41.5692
0.767979
-5.67534
-39.159
-1.3902
26.4088
21.1765
-50.3331
-41.4613
-7.57643
7.82378
-2.4728
11.7775
35.4201
45.4949
-2.69226
-63.2033
-57.7497
-5.71938
24.7553
-15.8478
34.5172
27.1341
14.8448
-0.590402
-17.5375
-19.5292
-12.1241
49.6076
4.80859
-57.1815
-38.5652
3.76646
16.041
7.50294
28.2708
35.6343
32.2804
-6.30764
-88.4549
-40.3148
20.5957
37.006
5.75769
16.8076
21.1341
7.58606
-3.31009
-20.406
-16.9147
20.1063
34.6615
-35.178
-47.9879
-8.15795
26.7018
1.71069
13.206
27.494
50.5907
21.7871
-39.1269
-104.41
-24.7395
40.7648
20.5693
15.7498
10.801
17.9574
-4.84403
4.31333
-22.9736
-10.4897
37.0144
1.73868
-44.8199
-36.2916
-9.62761
4.08074
-1.52851
32.551
24.308
37.0206
7.47795
-62.3203
-90.3542
5.67279
54.9291
23.7369
12.4364
2.35649
24.5706
20.3288
-6.29117
-26.9082
5.81349
48.8669
-12.9261
-59.8474
-34.6348
22.0972
21.9575
2.25091
18.7236
28.2046
41.5072
-7.64394
-104.752
-53.0717
34.132
47.9351
1.40324
7.28095
22.5245
13.171
7.56785
-28.6083
-2.5288
22.2639
17.4761
-34.4432
-45.5093
3.95769
14.1016
12.5116
21.8329
14.3033
20.4501
23.8898
-30.7743
-126.824
-29.0392
49.1829
44.9963
4.66238
-7.29816
20.2121
9.82422
1.44067
-44.1017
-6.58067
39.6662
-1.05431
-45.8556
-28.8303
10.7216
19.516
14.4323
22.8976
17.2764
54.382
11.229
-85.5714
-98.9808
35.4178
69.4689
0.385734
-2.47759
12.2401
22.373
2.1438
-27.6988
-7.66677
9.02847
27.9445
-26.0358
-38.0907
-13.0881
3.36396
10.5576
12.6177
33.5268
17.6283
24.3208
-22.8234
-116.42
-27.8206
30.5708
32.59
-1.4063
8.03655
21.4485
5.84869
-0.394198
-19.7344
-12.6761
24.0887
1.07253
-28.4516
-30.7738
-2.66194
11.1754
16.2802
18.86
9.81744
33.4265
24.919
-44.0461
-101.699
8.11733
53.0006
2.46054
2.57137
17.4267
23.8498
2.43159
-18.9444
-21.6031
3.60079
31.5987
-19.4366
-40.2006
-7.21176
15.984
10.1607
-12.2715
7.09356
8.88294
32.9001
-5.31178
-79.7731
-45.979
15.0956
36.6444
0.77978
20.1452
9.86251
-1.94298
4.23862
-11.3964
-15.6702
9.3806
16.3543
-15.1902
-19.1919
0.980781
6.2111
10.2828
10.1381
3.37788
25.1916
35.9055
-5.52999
-87.5133
-16.6263
17.2467
12.9903
16.6335
15.0524
18.7433
11.4571
-4.62312
-14.8387
-9.23457
26.4418
13.5536
-22.3894
-15.5592
-5.67363
15.5964
-0.554843
14.5979
2.10847
43.3146
22.4788
-60.117
-80.4421
3.48753
34.9108
4.08793
14.6091
8.52879
5.93705
-4.95207
-6.51161
-15.2476
9.54051
13.5391
-17.9611
-15.8537
2.81145
-5.43736
4.79094
18.5509
-5.11133
13.71
46.7645
9.99095
-97.5096
-48.9535
15.6826
30.0496
16.9834
9.52006
13.8178
-1.7701
1.54935
-9.51134
-17.9954
23.0754
7.75341
-16.6982
-32.341
-4.64025
18.332
3.43764
-12.4148
-11.0549
45.8556
48.8271
-33.0313
-103.367
-12.4981
43.4685
7.14553
4.72659
11.0781
3.45463
-1.75097
-5.60711
-3.54415
1.99383
15.7383
-11.6798
-13.7142
1.90363
-8.09487
14.0409
-2.63195
-7.03281
2.9841
53.1609
28.3521
-54.0143
-70.5775
3.07065
33.0626
7.38878
7.89786
5.48317
6.07168
6.16625
-1.31019
-13.2375
5.07644
11.6078
-16.2229
-24.3821
-2.9415
2.18569
-11.5069
-3.01954
-17.7743
33.1292
59.8792
11.6166
-91.6876
-50.9843
22.8792
14.8565
11.3873
-4.32376
7.08169
20.3197
6.30534
-5.2705
-12.4939
16.2429
-2.32182
-4.87012
1.53664
1.88795
3.98024
1.99828
3.40918
6.96383
51.4149
48.6647
-18.6494
-85.6354
-30.7833
21.6027
24.1106
13.4459
-0.121032
7.5254
17.4334
-11.3128
-17.6957
-7.03736
16.7638
-9.42276
-17.7711
0.00566136
-3.99208
-4.26162
1.71922
-10.206
12.7641
66.3541
34.2868
-70.0446
-70.3369
3.61989
29.0712
24.7011
8.01649
17.0298
28.1677
-4.1457
-22.3665
-7.79576
18.8332
7.32625
-15.9767
-7.91141
-12.419
-2.63592
-1.0722
-4.69294
-11.4412
44.2816
55.6405
-15.9457
-102.026
-64.2643
12.7046
24.2996
29.3582
16.3246
14.3207
-1.45797
-12.819
-20.2433
2.54252
39.2845
-6.16139
-13.2278
-19.2237
-8.35133
11.4394
15.1896
-2.76045
1.04784
66.4939
55.3859
-45.8062
-111.22
-31.4018
29.9346
42.0902
25.7819
-0.960024
13.9717
-13.3296
-29.7735
-11.0972
18.2442
17.1533
-5.53642
-12.3719
-22.5121
2.07533
-5.99082
3.09004
2.53276
28.4343
64.5277
13.2416
-91.784
-105.514
0.108069
58.9948
45.5006
3.78487
-4.11233
7.80442
-4.94378
-19.9516
-10.2667
17.8227
15.5843
-9.82093
-20.5
-22.4787
9.55772
8.46138
9.1605
5.38971
58.5353
65.8469
-24.6983
-125.009
-86.4404
44.916
72.2733
34.1191
-18.4104
9.05649
11.6994
-11.0664
-14.3891
-0.0167796
10.3266
1.84103
-13.8661
-16.3718
-6.14771
0.13179
0.64863
3.67379
28.4031
62.6539
41.4133
-68.9518
-131.468
-38.9473
70.4506
55.4735
-1.5195
-6.05334
9.73439
4.65277
-13.7335
-6.40062
-1.27106
8.30724
7.23571
-12.9558
-22.4005
9.96021
9.86253
6.71164
-13.1285
51.5677
70.7196
9.79196
-106.54
-132.176
34.8808
75.9184
13.7736
-23.3876
24.4644
21.387
-12.6608
-20.7056
-9.752
5.31007
4.26951
-6.67516
-19.12
-16.3445
14.252
7.33517
6.2753
12.318
66.059
72.5906
-48.8441
-133.197
-76.3891
73.793
58.4849
0.966812
3.85943
21.1912
6.40891
-19.3486
-2.9333
-5.21897
-8.12561
1.90045
2.09214
-19.714
-13.7552
10.8194
19.593
-3.3643
33.1426
70.1497
49.0845
-97.5679
-151.425
-11.0208
94.792
28.2012
-20.0975
19.8432
17.5513
-8.40232
-10.5745
-8.68462
-11.2383
11.5755
1.65597
-20.6247
-26.6863
4.99492
-0.575858
7.86178
-0.194038
53.6028
84.1171
-14.7858
-139.023
-118.158
60.1841
62.2786
-1.28359
9.87343
36.1815
5.64882
-18.1276
3.01996
-3.06668
-6.99825
5.95678
3.75115
-14.369
-25.6914
12.1317
10.0815
-8.64291
35.5463
80.1975
62.5281
-80.592
-145.882
-54.425
77.3797
43.3028
-7.00681
20.3993
14.995
-9.06621
-2.93392
-5.13744
-16.5877
-5.38671
6.09254
-11.0834
-16.6674
-5.18167
15.157
-4.5084
-13.4852
50.4712
88.206
35.4429
-134.896
-123.924
22.6181
64.994
9.9972
16.9554
40.7459
4.08951
-3.61861
-0.939977
-5.53246
-17.8003
-0.142704
1.49357
-5.79592
-13.589
12.7499
9.74321
-7.29738
6.12839
78.5167
69.0603
-40.1739
-138.937
-87.4474
49.368
28.864
14.2838
21.3173
20.352
-27.0049
-5.69072
-3.86038
-12.3273
-8.78136
-3.79756
3.14411
-15.2499
-18.7667
17.2069
5.21342
-7.2609
30.1489
82.5172
49.098
-96.9463
-117.341
-37.4296
54.3148
23.621
31.0199
28.775
1.82523
-8.27991
0.0291748
0.606085
-28.3195
-0.955075
7.29294
5.2488
-24.228
-14.0038
3.20325
-0.41998
5.93639
62.0233
67.2173
-5.32319
-112.776
-88.0807
0.166718
39.7564
33.7032
20.7931
29.0038
-12.3957
1.60222
10.3767
-6.15023
-22.2065
1.55365
18.2365
-16.3994
-26.6595
5.85498
7.25816
-4.40167
21.663
56.612
55.1948
-48.7032
-105.754
-68.7106
27.2433
17.8225
29.0904
24.3732
15.8086
-6.68731
3.75558
2.86018
-28.1236
-7.22752
5.64288
2.19394
-20.6348
-0.518438
15.8847
2.12403
-0.804331
49.4479
67.6097
22.1285
-76.4341
-87.7472
-34.452
21.4685
32.4776
36.7838
41.8416
-14.0956
-7.01016
4.21022
-8.22829
-27.6632
2.11108
0.308266
-12.3617
-20.529
10.7651
10.3903
-8.92432
10.4919
45.1672
57.3885
-9.34211
-95.2428
-83.668
-6.58334
32.9436
41.6441
24.9514
15.011
-7.00885
10.8627
-0.23461
-30.0824
-7.19228
10.9261
4.14527
-17.3021
-10.7373
26.8098
-1.72622
-13.3864
29.8253
49.6393
42.5435
-44.5992
-73.7329
-67.4793
7.49941
31.9777
49.3419
35.8745
-10.9755
-15.2766
8.93222
-2.06956
-23.956
0.0255673
16.0853
-8.82327
-24.7516
9.52737
17.3335
-8.35814
-1.15559
33.8179
50.7266
21.4565
-62.2491
-83.5293
-43.2287
25.6244
55.4365
36.7858
8.65069
-22.5828
-4.59092
14.5529
-15.1168
-22.0452
17.3505
17.6961
-15.2417
-23.4967
21.1479
4.3585
-11.8716
17.8309
34.8112
45.8024
-17.6894
-50.9884
-71.651
-15.6391
24.517
46.6043
25.2742
-13.5364
-13.2642
16.1102
-3.19997
-33.8218
-8.85046
17.0054
-8.85046
-33.8218
-3.19997
16.1102
-13.2642
-13.5364
25.2742
46.6043
24.517
-15.6391
-71.651
-50.9884
-17.6894
45.8024
34.8112
17.8309
-11.8716
4.3585
21.1479
-23.4967
-15.2417
17.6961
17.3505
-22.0452
-15.1168
14.5529
-4.59092
-22.5828
8.65069
36.7858
55.4365
25.6244
-43.2287
-83.5293
-62.2491
21.4565
50.7266
33.8179
-1.15559
-8.35814
17.3335
9.52737
-24.7516
-8.82327
16.0853
0.0255673
-23.956
-2.06956
8.93222
-15.2766
-10.9755
35.8745
49.3419
31.9777
7.49941
-67.4793
-73.7329
-44.5992
42.5435
49.6393
29.8253
-13.3864
-1.72622
26.8098
-10.7373
-17.3021
4.14527
10.9261
-7.19228
-30.0824
-0.23461
10.8627
-7.00885
15.011
24.9514
41.6441
32.9436
-6.58334
-83.668
-95.2428
-9.34211
57.3885
45.1672
10.4919
-8.92432
10.3903
10.7651
-20.529
-12.3617
0.308266
2.11108
-27.6632
-8.22829
4.21022
-7.01016
-14.0956
41.8416
36.7838
32.4776
21.4685
-34.452
-87.7472
-76.4341
22.1285
67.6097
49.4479
-0.804331
2.12403
15.8847
-0.518438
-20.6348
2.19394
5.64288
-7.22752
-28.1236
2.86018
3.75558
-6.68731
15.8086
24.3732
29.0904
17.8225
27.2433
-68.7106
-105.754
-48.7032
55.1948
56.612
21.663
-4.40167
7.25816
5.85498
-26.6595
-16.3994
18.2365
1.55365
-22.2065
-6.15023
10.3767
1.60222
-12.3957
29.0038
20.7931
33.7032
39.7564
0.166718
-88.0807
-112.776
-5.32319
67.2173
62.0233
5.93639
-0.41998
3.20325
-14.0038
-24.228
5.2488
7.29294
-0.955075
-28.3195
0.606085
0.0291748
-8.27991
1.82523
28.775
31.0199
23.621
54.3148
-37.4296
-117.341
-96.9463
49.098
82.5172
30.1489
-7.2609
5.21342
17.2069
-18.7667
-15.2499
3.14411
-3.79756
-8.78136
-12.3273
-3.86038
-5.69072
-27.0049
20.352
21.3173
14.2838
28.864
49.368
-87.4474
-138.937
-40.1739
69.0603
78.5167
6.12839
-7.29738
9.74321
12.7499
-13.589
-5.79592
1.49357
-0.142704
-17.8003
-5.53246
-0.939977
-3.61861
4.08951
40.7459
16.9554
9.9972
64.994
22.6181
-123.924
-134.896
35.4429
88.206
50.4712
-13.4852
-4.5084
15.157
-5.18167
-16.6674
-11.0834
6.09254
-5.38671
-16.5877
-5.13744
-2.93392
-9.06621
14.995
20.3993
-7.00681
43.3028
77.3797
-54.425
-145.882
-80.592
62.5281
80.1975
35.5463
-8.64291
10.0815
12.1317
-25.6914
-14.369
3.75115
5.95678
-6.99825
-3.06668
3.01996
-18.1276
5.64882
36.1815
9.87343
-1.28359
62.2786
60.1841
-118.158
-139.023
-14.7858
84.1171
53.6028
-0.194038
7.86178
-0.575858
4.99492
-26.6863
-20.6247
1.65597
11.5755
-11.2383
-8.68462
-10.5745
-8.40232
17.5513
19.8432
-20.0975
28.2012
94.792
-11.0208
-151.425
-97.5679
49.0845
70.1497
33.1426
-3.3643
19.593
10.8194
-13.7552
-19.714
2.09214
1.90045
-8.12561
-5.21897
-2.9333
-19.3486
6.40891
21.1912
3.85943
0.966812
58.4849
73.793
-76.3891
-133.197
-48.8441
72.5906
66.059
12.318
6.2753
7.33517
14.252
-16.3445
-19.12
-6.67516
4.26951
5.31007
-9.752
-20.7056
-12.6608
21.387
24.4644
-23.3876
13.7736
75.9184
34.8808
-132.176
-106.54
9.79196
70.7196
51.5677
-13.1285
6.71164
9.86253
9.96021
-22.4005
-12.9558
7.23571
8.30724
-1.27106
-6.40062
-13.7335
4.65277
9.73439
-6.05334
-1.5195
55.4735
70.4506
-38.9473
-131.468
-68.9518
41.4133
62.6539
28.4031
3.67379
0.64863
0.13179
-6.14771
-16.3718
-13.8661
1.84103
10.3266
-0.0167796
-14.3891
-11.0664
11.6994
9.05649
-18.4104
34.1191
72.2733
44.916
-86.4404
-125.009
-24.6983
65.8469
58.5353
5.38971
9.1605
8.46138
9.55772
-22.4787
-20.5
-9.82093
15.5843
17.8227
-10.2667
-19.9516
-4.94378
7.80442
-4.11233
3.78487
45.5006
58.9948
0.108069
-105.514
-91.784
13.2416
64.5277
28.4343
2.53276
3.09004
-5.99082
2.07533
-22.5121
-12.3719
-5.53642
17.1533
18.2442
-11.0972
-29.7735
-13.3296
13.9717
-0.960024
25.7819
42.0902
29.9346
-31.4018
-111.22
-45.8062
55.3859
66.4939
1.04784
-2.76045
15.1896
11.4394
-8.35133
-19.2237
-13.2278
-6.16139
39.2845
2.54252
-20.2433
-12.819
-1.45797
14.3207
16.3246
29.3582
24.2996
12.7046
-64.2643
-102.026
-15.9457
55.6405
44.2816
-11.4412
-4.69294
-1.0722
-2.63592
-12.419
-7.91141
-15.9767
7.32625
18.8332
-7.79576
-22.3665
-4.1457
28.1677
17.0298
8.01649
24.7011
29.0712
3.61989
-70.3369
-70.0446
34.2868
66.3541
12.7641
-10.206
1.71922
-4.26162
-3.99208
0.00566136
-17.7711
-9.42276
16.7638
-7.03736
-17.6957
-11.3128
17.4334
7.5254
-0.121032
13.4459
24.1106
21.6027
-30.7833
-85.6354
-18.6494
48.6647
51.4149
6.96383
3.40918
1.99828
3.98024
1.88795
1.53664
-4.87012
-2.32182
16.2429
-12.4939
-5.2705
6.30534
20.3197
7.08169
-4.32376
11.3873
14.8565
22.8792
-50.9843
-91.6876
11.6166
59.8792
33.1292
-17.7743
-3.01954
-11.5069
2.18569
-2.9415
-24.3821
-16.2229
11.6078
5.07644
-13.2375
-1.31019
6.16625
6.07168
5.48317
7.89786
7.38878
33.0626
3.07065
-70.5775
-54.0143
28.3521
53.1609
2.9841
-7.03281
-2.63195
14.0409
-8.09487
1.90363
-13.7142
-11.6798
15.7383
1.99383
-3.54415
-5.60711
-1.75097
3.45463
11.0781
4.72659
7.14553
43.4685
-12.4981
-103.367
-33.0313
48.8271
45.8556
-11.0549
-12.4148
3.43764
18.332
-4.64025
-32.341
-16.6982
7.75341
23.0754
-17.9954
-9.51134
1.54935
-1.7701
13.8178
9.52006
16.9834
30.0496
15.6826
-48.9535
-97.5096
9.99095
46.7645
13.71
-5.11133
18.5509
4.79094
-5.43736
2.81145
-15.8537
-17.9611
13.5391
9.54051
-15.2476
-6.51161
-4.95207
5.93705
8.52879
14.6091
4.08793
34.9108
3.48753
-80.4421
-60.117
22.4788
43.3146
2.10847
14.5979
-0.554843
15.5964
-5.67363
-15.5592
-22.3894
13.5536
26.4418
-9.23457
-14.8387
-4.62312
11.4571
18.7433
15.0524
16.6335
12.9903
17.2467
-16.6263
-87.5133
-5.52999
35.9055
25.1916
3.37788
10.1381
10.2828
6.2111
0.980781
-19.1919
-15.1902
16.3543
9.3806
-15.6702
-11.3964
4.23862
-1.94298
9.86251
20.1452
0.77978
36.6444
15.0956
-45.979
-79.7731
-5.31178
32.9001
8.88294
7.09356
-12.2715
10.1607
15.984
-7.21176
-40.2006
-19.4366
31.5987
3.60079
-21.6031
-18.9444
2.43159
23.8498
17.4267
2.57137
2.46054
53.0006
8.11733
-101.699
-44.0461
24.919
33.4265
9.81744
18.86
16.2802
11.1754
-2.66194
-30.7738
-28.4516
1.07253
24.0887
-12.6761
-19.7344
-0.394198
5.84869
21.4485
8.03655
-1.4063
32.59
30.5708
-27.8206
-116.42
-22.8234
24.3208
17.6283
33.5268
12.6177
10.5576
3.36396
-13.0881
-38.0907
-26.0358
27.9445
9.02847
-7.66677
-27.6988
2.1438
22.373
12.2401
-2.47759
0.385734
69.4689
35.4178
-98.9808
-85.5714
11.229
54.382
17.2764
22.8976
14.4323
19.516
10.7216
-28.8303
-45.8556
-1.05431
39.6662
-6.58067
-44.1017
1.44067
9.82422
20.2121
-7.29816
4.66238
44.9963
49.1829
-29.0392
-126.824
-30.7743
23.8898
20.4501
14.3033
21.8329
12.5116
14.1016
3.95769
-45.5093
-34.4432
17.4761
22.2639
-2.5288
-28.6083
7.56785
13.171
22.5245
7.28095
1.40324
47.9351
34.132
-53.0717
-104.752
-7.64394
41.5072
28.2046
18.7236
2.25091
21.9575
22.0972
-34.6348
-59.8474
-12.9261
48.8669
5.81349
-26.9082
-6.29117
20.3288
24.5706
2.35649
12.4364
23.7369
54.9291
5.67279
-90.3542
-62.3203
7.47795
37.0206
24.308
32.551
-1.52851
4.08074
-9.62761
-36.2916
-44.8199
1.73868
37.0144
-10.4897
-22.9736
4.31333
-4.84403
17.9574
10.801
15.7498
20.5693
40.7648
-24.7395
-104.41
-39.1269
21.7871
50.5907
27.494
13.206
1.71069
26.7018
-8.15795
-47.9879
-35.178
34.6615
20.1063
-16.9147
-20.406
-3.31009
7.58606
21.1341
16.8076
5.75769
37.006
20.5957
-40.3148
-88.4549
-6.30764
32.2804
35.6343
28.2708
7.50294
16.041
3.76646
-38.5652
-57.1815
4.80859
49.6076
-12.1241
-19.5292
-17.5375
-0.590402
14.8448
27.1341
34.5172
-15.8478
24.7553
-5.71938
-57.7497
-63.2033
-2.69226
45.4949
35.4201
11.7775
-2.4728
7.82378
-7.57643
-41.4613
-50.3331
21.1765
26.4088
-1.3902
-39.159
-5.67534
0.767979
41.5692
35.8737
-14.0556
5.36123
16.0435
-11.5335
-97.3453
-21.3221
26.8845
57.3003
21.5484
1.35944
14.2213
8.82907
-16.9179
-58.7254
-22.5031
28.034
3.67559
-7.23121
-9.91339
-11.1109
15.4951
41.4058
32.306
-38.9585
7.69099
17.2936
-16.8721
-83.0439
-24.063
43.5454
54.9669
18.4201
-5.849
6.10598
-3.00052
-32.7871
-46.8411
4.45407
28.8589
22.4157
-25.6084
-10.0596
0.91721
48.0923
40.0759
-27.7436
-5.09088
26.511
14.418
-67.9732
-62.507
9.40047
50.6877
45.7837
4.35844
-5.77163
6.40096
-10.3995
-30.9675
-23.7111
28.7503
14.1397
1.93104
-29.8707
-19.1532
20.9142
47.704
21.6037
-41.8274
21.1232
31.8046
-8.73511
-78.7237
-30.4286
21.983
56.3894
31.478
7.13488
1.58692
-1.91082
-21.2174
-25.2636
7.23282
19.7911
17.922
-12.6464
-30.9761
-6.12533
51.9275
47.2278
-31.0759
-17.3981
24.7488
19.6329
-36.1453
-75.4822
-16.1522
55.7341
62.7716
-1.70373
-4.02484
2.88977
-8.30648
-31.8341
-26.0396
17.7351
22.3901
9.88695
-32.8375
-19.7559
40.1666
45.9833
4.05539
-35.4932
21.1977
30.4319
-4.58024
-63.0157
-47.1043
18.4139
58.9219
24.3647
-14.5399
-14.1562
7.34324
-18.2971
-19.3761
-15.7126
-2.26715
23.3033
1.49335
-17.0758
-7.75783
32.1324
29.9603
-27.5265
-16.828
12.619
24.0899
-16.8039
-68.6498
-23.026
40.2813
53.4877
-12.0109
-3.97952
7.2614
6.73342
-29.3514
-31.9226
2.32448
15.7551
24.1489
-7.80537
-11.2834
27.1453
33.0657
9.48268
-30.3551
23.4428
16.3203
6.9265
-14.7452
-40.6553
-4.62519
32.9226
36.5498
-16.3442
15.0092
5.20641
-21.7004
-34.5646
-9.96358
6.81598
12.0202
6.00361
-10.5525
0.258677
28.9893
10.5177
-28.957
-2.96864
13.514
16.8549
11.9157
-43.218
-39.5069
15.3937
51.5641
4.18346
12.1558
4.66294
6.40424
-28.3976
-14.1805
-7.83061
6.16537
29.5512
2.09377
-12.482
8.40264
22.9119
-10.0252
-18.6153
11.8273
27.3998
16.0702
1.36245
-63.5045
-15.6362
28.3993
36.9613
-19.2319
7.86799
17.7172
-21.5538
-33.3264
-16.6473
-0.388933
17.2034
20.7249
5.6326
-7.5843
16.6844
9.64463
-21.298
-5.26926
13.9627
40.6718
16.2017
-22.3399
-60.5348
-8.3629
47.9278
9.3968
-5.71477
9.19168
6.27382
-28.4081
-15.6572
-18.445
-6.41901
26.7164
13.7455
-12.3441
-13.2662
27.1057
7.88125
-24.7196
-6.55845
31.7717
34.5508
5.98644
-67.155
-50.6803
18.6221
52.3328
-7.2002
8.29982
12.1168
-0.370393
-40.9998
-10.5481
-1.81548
-6.12524
19.0758
8.49151
5.78926
22.9751
16.8731
-12.1882
-14.7993
18.7799
18.7736
5.99042
7.26713
-50.523
-21.817
29.2733
44.7643
17.8231
-2.31755
0.802459
-14.0284
-7.54269
-17.8447
-26.9472
13.9492
32.5749
11.3474
-8.09596
28.9682
0.0226411
-25.7512
-19.0097
17.705
26.0824
5.84442
-13.3657
-54.2166
7.68033
41.7338
4.94719
10.1366
9.49331
3.03021
-25.2411
-2.5279
-13.278
-8.72489
17.977
16.5515
7.72533
2.87377
8.94358
-17.4337
-23.864
12.6252
17.3653
16.7696
16.3055
-45.107
-49.5333
8.21488
31.6627
24.3664
21.5893
-4.70878
-13.7819
-21.945
-8.94334
-23.8968
3.07763
31.0057
5.65114
-15.8504
24.3663
2.5082
-15.2209
-18.4865
12.9692
27.3913
10.3799
-4.55208
-81.1912
-10.8954
40.6819
21.0408
17.0595
11.347
2.65656
-23.9587
-14.5161
-12.408
-13.3496
9.17624
3.59321
3.24796
3.19517
26.3618
-8.90636
-26.067
13.9199
21.016
16.6101
0.906668
-26.6191
-55.8277
17.4226
49.0925
21.8587
8.05994
2.1522
-1.23967
-21.1836
-18.5424
-13.2695
-11.3033
29.9517
12.2588
-5.57619
15.2631
11.4078
3.84685
-16.7237
5.90619
15.5434
4.10477
2.25548
-41.9885
-18.5154
43.2373
33.6907
4.72929
5.04136
8.83375
-4.85142
-21.7034
-18.8295
-20.7538
2.02514
34.2403
2.37351
-9.00654
14.1034
-3.76949
-7.65808
-13.1092
11.1585
16.1156
6.12531
-5.82616
-60.2257
9.95435
30.5708
16.3465
0.893353
9.06539
2.3603
-12.2205
-25.5468
-13.09
-12.2405
29.9131
12.4953
-13.5245
0.288199
22.7432
-1.03901
-10.7743
-5.26486
12.1294
6.31445
-2.002
-31.8171
-45.0654
27.8739
27.6774
22.0845
8.22741
5.05936
-11.2275
-15.005
-20.4048
-25.33
-1.19271
35.0487
7.51417
-11.0058
22.1674
21.2203
2.61557
-26.3033
-2.83089
28.4329
-0.75533
-14.0352
-45.4103
-7.18594
33.6502
27.1197
-0.193996
9.63024
7.85479
-16.7743
-11.3778
-25.3881
-25.905
15.2214
18.8464
5.58278
8.07735
32.1445
2.30026
-11.6908
-20.2058
14.0834
11.7373
6.25972
-3.41774
-47.6958
32.0364
32.2974
14.363
-4.33327
-0.525707
-5.71395
-5.57055
-19.0838
-38.7398
-11.8827
29.9386
19.0775
4.77576
20.0629
17.8331
-7.34217
-32.3896
-26.4248
20.7783
8.06055
-4.93809
-44.3626
-11.7529
30.7846
19.8956
1.15322
-9.90017
11.6096
-5.23999
-18.0883
-21.3611
-28.1005
-2.03195
17.1013
21.1172
9.88812
30.061
6.92068
-11.9959
-29.5232
6.9188
13.0558
-3.25007
-13.2967
-34.8119
17.9495
24.8517
11.5485
-3.45038
-1.706
3.0454
-7.02096
-20.4478
-35.7328
-19.9844
20.0875
26.1023
21.6395
28.4305
21.7356
2.29832
-31.8049
-19.8447
31.2348
-4.39204
-11.0032
-16.0919
4.34525
13.855
4.88723
2.31244
0.788464
27.683
-6.95849
-24.8316
-34.9173
-25.9045
-15.0499
14.9112
25.2941
22.6906
18.4005
-2.69018
-11.379
-47.8349
7.07656
11.4075
17.6272
15.0057
-22.8563
2.16403
3.28435
13.4914
-4.0707
5.1238
13.0984
-0.653466
-20.6837
-45.7257
-29.2755
9.39249
33.5331
28.3252
26.5414
16.9335
-22.2742
-50.8578
-31.7254
33.0963
21.858
-1.98035
2.08053
-10.0179
8.73989
8.52873
-2.05664
17.4086
27.9692
11.2715
-25.0063
-36.0426
-20.5252
-10.455
25.1482
37.1871
18.1568
21.5115
-10.3617
-26.7589
-38.7307
7.23439
17.0216
13.6508
8.35167
-18.4201
-8.23534
4.60316
15.495
6.23325
11.5087
15.005
-2.93983
-26.2191
-43.8332
-17.8421
17.8884
26.5734
10.4313
27.0944
26.6978
-12.8419
-30.5933
-38.0189
11.5235
14.8952
-2.28663
2.51664
-9.95466
12.7335
12.701
5.57499
25.1076
30.2954
4.76863
-31.0814
-41.2487
-7.7542
-3.42475
10.4206
16.2778
33.7672
41.2969
-14.663
-12.9997
-42.8879
-11.8039
-14.7196
25.2812
4.69875
-4.80563
-10.9902
1.43775
23.183
11.2398
4.50164
9.50609
-1.41598
-38.5487
-41.2559
-2.51226
9.45779
18.6243
13.1324
18.9668
27.3568
-15.5274
-7.49885
-44.0485
17.338
6.21086
4.72094
-9.1184
-0.277528
11.7482
9.49175
2.72355
6.35533
33.1318
16.3393
-25.2099
-38.6046
-11.3001
-3.72349
4.44131
16.6573
32.1553
31.5182
-3.35549
-2.71477
-25.8537
-3.93331
-2.95696
9.90191
-13.2195
11.9023
-9.05746
10.107
23.9541
7.74075
2.84598
22.3023
-6.39913
-36.583
-38.1605
-7.53623
-14.064
25.4243
20.3575
1.71592
22.4563
-5.62539
-18.9283
-33.8503
15.7974
6.50305
0.90496
-11.7866
-3.97468
0.267583
23.2227
21.524
13.3391
25.4253
8.53438
-35.3592
-37.3425
1.42721
0.822634
5.9833
17.5611
19.5485
18.377
-8.27994
-22.8572
-4.897
-6.39448
9.38461
10.1311
-22.5612
-10.8679
-13.9392
10.6256
33.5722
24.0889
5.33542
1.0887
-11.2967
-31.7508
-34.4292
-1.8874
4.09997
32.4201
13.1349
8.13119
-0.665405
-32.1895
7.97295
7.31184
7.24773
-18.4926
-3.69311
1.87323
1.78181
-3.98654
24.7817
19.9657
4.01332
5.20932
6.08545
-21.2358
-20.6024
-16.6318
9.46114
7.32743
23.3067
8.9738
-0.929426
-34.0874
-12.2264
36.5793
8.75235
-16.0898
-13.6978
-10.4805
4.93811
-10.7407
18.9091
39.125
4.21218
-11.114
7.30348
14.1241
-4.69396
-23.645
3.87597
-2.59628
28.9475
3.59426
-10.9799
-25.09
-12.252
21.7982
45.3612
2.94739
-34.9876
-7.21005
0.548733
-11.645
-11.4587
31.9073
27.1707
-18.8185
1.86582
8.9663
4.56755
-18.2432
-18.2104
5.75971
2.41764
13.9344
-9.93721
-2.14084
-15.5981
-5.99916
53.7154
18.9782
-22.5689
-31.6787
3.28473
13.8079
-15.2132
3.13829
38.9837
12.3408
4.21977
4.31358
19.9304
-27.4499
-24.0006
-7.26923
4.73971
14.7971
-1.58977
-12.8911
-8.71419
-10.9952
13.9251
47.0429
-14.3506
-55.1825
-16.2817
9.71639
3.03057
-16.7854
3.58377
28.8655
17.1217
5.71573
-16.8011
-18.5291
-19.4408
-2.60973
4.13942
17.3021
14.9486
-10.8663
-4.46237
-17.8967
1.5106
37.1631
25.8665
-18.749
-36.8501
5.57473
13.7988
-8.98944
-0.176917
27.894
25.8529
-4.93413
-20.3729
-5.50747
-0.8021
-13.1817
-5.29855
5.1808
12.2513
-4.68445
-12.9541
2.30742
-28.7322
-3.23466
55.5324
20.7125
-36.9767
-26.2564
15.472
6.8876
-29.9172
7.51434
42.0675
22.7465
-32.5977
-29.2838
7.38517
19.3337
14.9864
-0.805226
-5.72507
-2.062
-8.70646
-9.06788
-9.82478
1.08538
36.6575
52.956
7.79275
-31.6922
-14.6351
24.5834
-14.59
-30.9845
25.0684
41.1619
1.24869
-42.4074
-15.1114
35.056
17.2248
-16.6916
-20.7364
-16.4146
-12.3397
-10.0635
20.9936
-30.7641
-14.1984
47.6497
35.552
-33.1624
-42.171
12.4616
9.94142
-32.086
-3.36248
25.9595
26.0241
-8.97763
-26.3662
25.5889
22.9878
0.77278
-17.2677
-27.7247
-6.45196
-1.39948
23.9441
6.17934
-32.2935
12.5848
78.6038
25.7585
-51.8589
-34.5863
9.84766
11.2025
-28.0578
17.3979
29.5747
1.19641
-31.445
-5.62274
32.6593
-2.00751
-16.3122
-17.1753
-27.1695
-15.0728
-1.74308
32.4777
-18.3691
-19.1649
45.9901
48.9194
-13.795
-62.3593
-10.3118
27.1122
-8.77114
-12.3005
23.038
31.2922
-6.99773
-21.335
9.55214
32.6692
4.32388
-16.2486
-20.6489
-31.4726
-12.1503
30.4529
21.2679
-31.9146
-0.652215
80.6672
18.9548
-50.129
-51.1812
2.68761
10.1016
-23.4479
1.69546
29.7935
13.277
-20.9895
-15.8318
46.6827
17.6443
-12.7549
-21.0543
-44.3505
-21.3998
-3.5081
41.9232
-7.33519
-32.7402
45.6124
56.1959
-11.5615
-63.8093
-24.3874
18.5967
-0.253284
-25.1794
26.8219
37.4113
-1.32051
-18.0485
11.9403
34.1222
6.26927
-25.1301
-28.6459
-31.9391
-8.68994
26.2073
36.6594
-34.4534
-8.35567
78.002
32.9827
-41.4645
-54.3895
2.24976
8.19893
-21.3224
1.28733
30.3995
34.6378
-19.0229
-27.7631
36.202
37.8491
4.1329
-39.3282
-51.149
-37.055
15.5086
47.3088
-9.64859
-22.0675
32.0304
65.9916
-10.294
-38.5721
-17.074
9.16842
-15.8064
-49.2786
32.1626
45.0143
8.34229
-30.4414
-4.22571
54.3075
10.7118
-20.8459
-53.0911
-40.8843
-8.53791
28.914
45.7783
-32.228
-8.67523
61.298
48.527
-24.9976
-54.1849
-9.37875
-7.89538
-20.8805
-17.344
22.2674
43.2824
-5.24415
-18.8122
24.6167
37.3928
-11.5201
-51.3138
-45.1587
-36.1001
20.0979
30.732
0.138148
-21.3917
29.1749
50.7103
6.96312
-34.8689
-21.5914
-4.10228
-10.5828
-50.998
8.68464
50.1323
36.7499
-15.8148
-1.40669
36.8079
5.95005
-12.7647
-39.9977
-26.5297
-10.612
27.0106
47.5459
-27.5216
-6.04759
46.9637
48.8847
-16.4184
-22.1486
-5.45508
-12.2152
-38.9275
-29.7047
37.7997
50.2289
7.39283
-27.1889
8.47992
29.3293
1.02296
-17.3681
-39.9134
-42.3823
5.90015
45.3333
0.79295
-28.8911
20.6228
66.5919
13.7076
-15.1076
-24.2012
3.13628
-28.0759
-64.4663
-4.62812
52.7346
43.0548
-18.1934
-18.4568
29.6725
20.2481
-4.4168
-42.6638
-45.0677
-21.7056
15.3774
36.3583
-30.0515
-0.7185
59.3018
50.4156
-8.59932
-22.3127
-8.69407
-21.8956
-42.3063
-33.3614
51.3604
64.1295
15.4632
-27.8684
-5.19888
31.4648
5.07606
-22.4636
-51.5273
-43.0903
-12.1443
29.2518
11.3312
-43.607
22.5891
76.2162
21.9739
-23.6577
-28.0146
-13.6993
-38.826
-35.3962
7.44041
70.8549
44.541
-27.255
-25.5559
36.8872
24.6347
-4.25317
-43.3524
-34.3677
-16.6802
12.8145
33.4112
-37.6411
-11.7785
45.1358
65.6328
-16.406
-37.2418
-3.72228
-4.434
-46.4434
-24.7651
35.9648
55.4177
9.36556
-30.4276
7.13171
35.0113
20.8647
-20.7505
-22.6478
-24.0334
-16.8819
27.888
18.5471
-48.2294
9.42024
87.0391
30.8834
-55.0312
-24.5563
23.5197
-30.8253
-63.1078
-17.9192
45.7313
41.2955
-21.741
-27.2921
20.2876
31.3933
13.364
-26.9204
-38.4962
-21.2712
-4.86378
22.1675
-29.951
-13.2542
59.0638
79.1968
-20.3431
-39.5851
1.69057
5.39709
-52.5921
-48.7973
28.4755
51.5763
12.9106
-32.3244
-2.37502
25.3444
18.2502
-5.97234
-22.7654
-50.9362
-40.3191
26.5787
33.8729
-41.7522
-3.4259
99.3209
49.9819
-44.3437
-40.0504
-0.283299
-4.44765
-44.89
-17.6672
47.5253
53.0158
-10.3565
-41.0111
6.72814
28.3144
24.4134
-29.6
-45.086
-28.886
-6.90839
24.8763
-14.1833
-16.3609
55.5716
97.6706
-17.9842
-51.388
-5.07657
19.0815
-36.9401
-38.3015
36.7117
49.0947
17.272
-38.7995
-18.276
31.659
14.049
7.57188
-6.55649
-39.7599
-48.6776
-3.8422
31.6766
-27.9723
-3.38834
68.6038
65.2742
-36.7382
-39.9329
5.13805
0.962079
-43.7649
-24.6936
29.7894
55.9927
0.1993
-46.2455
-10.508
50.1952
55.5227
-19.1503
-59.1358
-41.2961
-10.6144
10.4605
-6.554
-14.7648
56.6597
94.9332
-0.625308
-41.7796
-2.55597
17.5919
-58.125
-49.1293
19.1641
49.5036
14.1141
-34.121
-6.87393
51.5154
61.6653
11.2261
-39.4149
-61.4568
-55.6189
-9.69996
23.0074
-8.10258
-3.93718
68.8507
65.422
-35.1642
-43.7582
-31.0828
1.57197
-54.0142
-37.3904
20.7313
53.4037
13.0764
-33.0251
5.73484
48.1429
44.0856
-13.5133
-59.6852
-66.045
-13.7611
25.9856
1.78135
-6.83449
46.6988
104.91
4.48315
-58.7756
-15.3202
17.5191
-36.2496
-59.9651
5.86825
51.8301
36.1636
-25.9564
-28.9237
38.8737
48.7789
0.766298
-31.6543
-51.7469
-60.8856
-9.24351
33.7062
-2.95774
-9.60141
58.9349
43.8935
-26.7316
-25.1296
-5.53564
-7.23024
-38.602
-20.6662
33.0449
43.2929
12.1317
-16.9917
-6.98541
47.2283
50.4328
-7.25082
-42.5445
-59.3477
-14.6239
30.4476
21.0389
-24.7496
15.8647
97.5196
13.2061
-48.3373
-17.5048
24.3498
-27.6215
-73.189
-6.19035
41.5507
41.2537
-22.6317
-34.4732
26.0283
58.7152
14.9218
-41.0855
-55.9943
-48.4321
-2.64134
32.3077
2.88181
-4.88996
55.3795
63.7851
-27.6625
-17.1713
7.79352
7.2597
-49.6529
-48.787
22.0342
43.5838
17.7262
-25.7432
-5.52967
42.4115
44.6066
-13.5274
-50.9284
-59.8066
-34.5259
25.088
36.7287
-20.2742
11.5888
77.6092
23.2947
-39.6093
-1.27985
30.2419
-23.9001
-73.9779
-23.5962
46.7515
46.1529
-5.83181
-32.449
32.9282
69.4242
5.11536
-34.7794
-55.3239
-39.4252
1.19686
23.6981
3.50172
-23.1072
51.0916
52.6167
-13.8459
-15.6263
12.0668
9.75149
-60.9811
-67.0572
32.8296
62.4428
8.13966
-28.7754
2.62198
55.4981
27.8667
-6.19495
-31.9596
-43.8631
-44.3342
8.00189
35.6
-25.0323
-0.0920778
77.8378
18.4499
-29.5836
8.45237
2.34125
-29.0401
-77.1378
-28.7709
51.4685
48.7661
-14.1217
-43.2126
16.6811
75.1634
18.1235
-20.8556
-66.8413
-38.8448
-18.0169
17.2794
-2.44918
-30.2296
46.4514
46.1822
-2.31341
0.752932
11.2129
-2.14559
-58.9908
-55.2226
25.0756
60.6445
11.4837
-32.2815
3.21338
65.1461
31.9091
-7.49827
-24.6386
-31.7484
-42.6943
-11.448
15.8856
-5.31069
-5.2358
56.8395
24.2566
-17.8033
4.83693
-25.4298
6.90882
-55.854
-35.8615
29.6765
51.0618
1.92343
-45.7626
22.9234
64.7028
17.3893
-8.12373
-38.9635
-38.0873
-34.2878
10.2428
16.5853
-17.3477
20.1539
42.3516
18.6305
-3.00013
2.55526
-12.7595
-20.4168
-44.2742
-18.5155
44.3166
22.0268
-28.6207
-7.95462
54.3454
48.4696
-2.74112
-13.9587
-24.2964
-35.8229
-21.4244
11.7801
19.7861
-4.44299
53.884
18.1136
5.04804
12.6837
-4.83076
4.2586
-52.4876
-42.5874
5.12445
50.5047
6.79452
-31.8136
9.36457
59.8639
20.0286
-12.1856
-44.9167
-38.142
-43.1669
-10.4167
22.6595
13.066
22.2932
23.5604
11.2211
2.90285
7.31909
-9.98131
0.135358
-63.6458
-50.0985
37.3164
31.7849
2.54539
-27.428
40.7412
64.6195
4.53885
-18.0558
-41.0214
-23.647
-47.4435
-6.66947
32.9145
34.4013
42.0373
-2.35336
-2.75212
19.7618
6.30581
2.81015
-61.7218
-52.6267
-4.72648
45.8544
19.7573
-31.8389
-3.63335
53.7698
30.662
-23.5454
-31.1396
-28.2658
-43.5801
-48.7014
11.6399
44.5239
46.1791
6.42303
3.68141
18.7993
37.5035
-17.1314
-3.9234
-52.1787
-45.4137
32.2566
29.009
-1.46824
-17.1599
31.4793
54.8202
-8.79528
-5.21855
-34.9835
-30.3711
-64.9815
-25.4132
52.5549
48.7028
17.0398
-27.8164
1.53708
40.1488
-1.5712
2.14335
-40.7401
-42.4593
-21.7062
46.3759
24.1678
-14.0605
-2.55593
54.3192
42.4367
-16.8477
-29.3139
-29.8658
-42.0681
-48.0174
19.3338
82.8763
24.844
-39.7319
-5.93629
25.3798
49.564
-26.0953
15.0396
-54.2474
-59.5952
1.52702
22.9031
12.1283
-7.37639
35.6542
50.462
-9.21434
-25.2849
-20.9557
-21.5881
-47.4807
-43.6365
64.4231
56.9505
7.13687
-46.7563
10.5106
45.1443
21.8636
9.43813
-28.7862
-55.6869
-53.3425
28.8229
17.492
1.75177
8.86532
70.6071
38.576
-27.4592
-19.633
-10.2738
-29.4524
-62.9305
-20.5089
77.259
50.099
-53.33
-11.4763
30.7717
69.2457
-20.2312
4.34463
-58.3696
-75.9302
-22.4747
19.5808
26.9911
-8.88969
34.0925
62.2547
1.05714
-25.7562
-18.5959
-8.81232
-46.6103
-52.3758
23.5897
73.8182
19.0373
-54.0004
22.7087
56.8114
52.6666
-36.5443
-46.4938
-59.6281
-46.838
32.4253
21.3327
-34.2317
-2.94586
69.9848
58.1586
-38.1898
-26.2668
-6.72568
-14.1854
-57.9468
-52.5664
63.5035
71.1005
-18.5306
-14.7456
51.4929
71.9979
-23.1225
-15.8329
-40.5227
-41.1651
-6.6706
17.4757
16.3112
-19.0415
33.5202
76.4046
14.5995
-40.8948
-15.3396
0.631724
-51.1426
-82.0781
-27.4372
85.0323
52.8719
-42.5768
3.26021
33.2106
55.8368
-30.5893
-24.9025
-45.5273
-46.9751
18.0843
10.8833
6.96073
4.62881
61.9971
65.1333
-34.2452
-25.3398
-4.3096
7.25192
-65.2501
-73.3877
30.8182
94.0605
13.1895
-33.6738
-10.304
58.6363
30.9937
-12.7184
-62.8347
-58.8637
-12.5515
8.73891
4.53172
2.03455
47.0124
77.0066
23.9728
-40.6075
-7.27197
2.33135
-49.4025
-71.2936
-18.647
74.441
62.4426
-23.9889
-12.802
25.2674
69.4728
-5.78606
-44.2644
-56.1401
-60.9349
0.39271
7.06884
18.3093
14.3011
45.0504
74.6532
-29.4136
-48.2349
-7.30125
-9.39212
-68.6105
-66.1262
15.1539
102.518
35.2877
-21.058
-24.5721
54.4693
55.6392
-9.11585
-74.3069
-59.9372
-19.7668
14.0422
11.5191
-4.66094
31.0372
68.2884
38.0385
-40.9136
-5.62134
6.45279
-58.576
-79.7938
-28.45
97.3241
93.5809
-14.9298
-30.9692
19.5599
77.902
40.7241
-49.8108
-45.2153
-38.73
3.94768
-9.07903
19.9067
18.0943
40.9058
68.8356
-12.5695
-40.2424
-13.4779
-12.3902
-73.2943
-68.8456
35.0196
113.312
39.9596
-49.2799
-36.646
32.3696
72.3103
8.74637
-72.0784
-52.3223
-30.6485
8.60666
-15.7485
-2.86638
23.414
75.8498
60.3007
-66.2748
-31.3681
-1.09825
-28.7433
-84.3213
-32.1297
75.7715
112.578
-8.4596
-62.2938
5.81455
74.2924
54.7124
-53.7058
-54.8684
-16.8443
-2.61504
-28.483
-3.17874
26.2373
56.3457
69.1105
-6.99156
-47.6598
-5.35029
-18.0501
-69.4427
-61.8444
12.1561
103.093
45.9561
-32.2284
-58.9874
35.912
73.4004
14.0713
-66.9021
-46.7252
-23.7444
-16.1353
-25.4413
3.8142
31.0317
79.0037
57.963
-37.3619
-46.4772
-11.2769
0.663891
-81.4039
-36.2298
56.3722
123.803
-9.78268
-64.0128
4.27693
74.2045
82.2356
-62.1479
-54.0281
-12.5143
-5.98059
-41.5914
-21.2791
29.2668
66.514
81.5695
7.74427
-54.828
-21.2262
-4.96324
-52.4176
-69.7145
-5.99288
98.3303
59.9307
-28.241
-73.65
49.8378
75.5298
29.5406
-79.8987
-45.4939
-18.737
-35.8163
-17.9598
18.9311
45.9851
57.7171
43.4858
-33.2312
-51.1051
-0.336661
2.39777
-92.3699
-52.0115
37.8322
133.359
4.42908
-79.5752
-26.0635
60.5357
117.283
-55.596
-69.7684
-25.3974
-3.21897
-35.5701
-24.0406
37.6117
49.062
67.0039
4.74485
-69.302
-8.44949
11.0442
-24.5916
-92.8863
-17.5395
116.342
57.6197
-36.6974
-77.9059
49.9237
75.487
35.0153
-82.0757
-31.4494
-5.11078
-31.1586
-41.7161
-3.14308
43.5727
59.9769
36.4107
-14.4275
-41.4919
3.13554
15.6113
-74.3216
-57.7263
23.0327
133.525
6.45456
-60.3531
-40.6903
66.9267
109.11
-47.2363
-65.7131
-18.7865
13.5562
-48.2901
-50.0708
21.9863
57.2433
68.7952
10.3695
-45.0079
-7.57312
29.3969
-4.41393
-110.792
-64.9244
93.541
119.867
-33.8391
-101.129
20.6845
88.5767
50.0107
-83.3584
-41.6688
19.2733
-13.9529
-68.7147
-28.5565
65.2072
68.4971
42.7881
-18.2839
-36.2621
14.0871
11.874
-79.1489
-96.0665
9.83831
162.351
34.3315
-70.4996
-63.4097
68.7707
86.4007
-30.7082
-59.8314
-13.4277
0.528402
-59.2078
-56.2973
27.3212
75.4684
45.3167
0.980321
-45.4873
-20.3118
4.28499
-9.49025
-105.613
-82.6562
76.4294
143.329
-8.82998
-96.8584
-6.37154
79.5969
74.3605
-52.9708
-43.4549
14.75
8.42252
-72.1
-39.6038
70.7829
83.9685
34.551
-20.7199
-32.3003
6.78239
23.0839
-64.8948
-109.993
-14.2005
142.898
45.6033
-70.8444
-73.8564
49.1867
96.3621
12.351
-54.1628
-48.6339
-8.627
-45.5429
-51.7779
18.4925
77.7415
48.4494
-3.14632
-28.0444
-5.11797
18.7308
9.01237
-103.578
-92.256
58.1292
139.579
-8.33703
-89.4508
-3.62242
99.7021
104.185
-53.8311
-89.3023
-30.4665
7.21126
-46.8267
-39.356
65.2614
84.771
28.7649
-6.8328
-22.978
10.6436
14.1049
-61.2293
-118.378
-25.1554
127.693
66.7383
-56.1643
-80.4164
69.3297
105.928
1.15261
-112.351
-55.2218
10.587
-24.1588
-60.8594
-14.2027
71.5193
57.1706
20.4191
-22.4862
-6.51288
5.1689
3.64932
-93.4469
-106.736
44.1208
138.454
26.355
-66.0807
-19.4013
89.8139
81.1601
-71.291
-78.3788
3.88213
32.0905
-45.3446
-56.873
37.5162
74.9371
28.3909
-1.60342
-18.4855
-0.0832614
9.37351
-34.3491
-120.954
-76.5182
79.7482
95.6069
-12.184
-76.0171
28.6408
77.6657
-13.9931
-76.718
-36.1744
24.03
-12.4929
-57.2401
-26.2418
63.8388
42.6701
17.7068
8.45196
-0.722018
-5.45476
12.4604
-76.9694
-118.816
-8.78843
130.665
72.1087
-40.8334
-27.3904
51.884
82.1268
-28.5838
-62.2281
-25.5531
12.6985
-29.5049
-57.5226
13.1015
65.4283
44.2517
21.5199
-7.51126
2.49569
-3.41125
-9.5426
-114.848
-97.8136
44.5821
126.498
24.8391
-47.6335
5.67045
50.3058
38.3179
-56.0998
-51.2559
1.49164
-21.519
-42.4866
-30.714
54.9905
56.3188
33.9417
16.9257
7.99433
-6.32217
6.81673
-59.6368
-114.059
-66.2523
105.307
121.734
-2.24126
-43.561
5.78478
75.1985
-19.1103
-78.8349
-77.312
15.639
3.10159
-56.2048
-11.9658
72.0582
48.8361
4.35675
3.02182
10.554
7.93044
-22.0314
-100.434
-117.836
12.8005
138.987
68.779
-42.2006
-23.2459
44.729
50.2929
-55.8743
-66.2649
1.08652
13.8535
-30.3362
-69.0603
35.71
64.2036
14.6418
-1.41202
21.3085
22.6681
5.29806
-46.4785
-123.221
-85.5447
80.649
142.406
27.5699
-60.2773
-2.15795
67.2679
6.50083
-65.4215
-56.8713
28.394
2.52583
-75.4618
-53.8603
56.6071
44.6741
4.35832
21.8336
31.5229
31.7492
-23.9718
-109.227
-139.687
-29.187
149.534
123.236
-3.79469
-42.9334
27.5045
65.1438
-28.2072
-49.8688
-2.87879
31.6392
-42.2158
-106.433
3.49501
76.8843
40.2452
13.6655
35.5611
22.6674
-26.8004
-87.0527
-134.744
-96.3987
70.9745
168.664
54.8347
-54.0087
-40.8046
64.4992
23.5266
-51.0532
-62.6092
35.9054
5.76396
-74.3675
-76.6155
57.1807
89.4026
31.1906
18.9931
13.6637
9.27195
-47.1553
-106.854
-143.736
-22.1524
121.873
153.583
3.14468
-59.633
14.7802
68.7834
-13.2718
-57.271
-8.42731
19.8897
-34.8704
-99.0999
-2.21235
96.526
80.8138
34.454
18.2935
8.09555
-21.9256
-77.6392
-126.971
-104.456
35.7426
177.018
79.5186
-49.5274
-59.4973
39.1745
28.0256
-46.0857
-45.4047
9.58116
-6.82106
-78.3465
-78.4627
67.0135
131.309
66.0324
-1.10262
-0.575475
12.7815
-22.9738
-75.674
-126.623
-51.9294
107.395
167.627
9.20732
-58.5022
3.79709
51.4099
-12.9282
-38.5156
-8.51483
7.14952
-46.9846
-105.243
-26.3007
108.055
82.8861
24.3875
9.76798
13.3238
-18.0491
-53.5984
-77.2851
-114.85
0.948946
139.092
107.844
-40.4824
-67.3839
50.3998
29.5151
-18.4778
-38.4327
-40.6918
0.797732
-59.0943
-84.3211
3.34109
110.041
69.5617
13.8193
12.8662
10.663
-32.851
-54.3836
-116.105
-63.0507
71.9032
163.703
18.9498
-57.0332
24.6716
83.34
-12.5807
-59.4463
-15.7713
-11.932
-20.9858
-97.1193
-33.5645
68.2895
93.1478
25.4102
25.5925
14.348
-20.6223
-58.7372
-80.7425
-124.706
-39.7833
126.686
131.878
-4.58353
-24.059
72.4564
16.46
-25.6057
-38.543
-38.0632
6.40421
-26.9882
-62.2455
-0.108164
91.3527
78.6017
26.1163
7.83744
-12.1431
-24.0295
-41.7926
-123.705
-112.448
30.8791
175.72
62.3734
-31.1246
9.45678
45.0692
-36.2816
-37.7241
-30.674
-11.3173
6.80856
-36.3141
-57.3511
45.2622
98.6155
25.0169
4.99716
10.5676
8.50758
-47.929
-83.2168
-95.5636
-48.713
89.0106
103.437
31.9139
-5.48637
23.7072
-16.0013
-21.6064
-5.85771
-30.107
-9.67137
-6.67923
-46.6844
-26.6973
38.9707
72.5467
37.7955
21.1664
1.77452
-23.6749
-55.1599
-79.3398
-86.6275
-3.96176
129.383
98.6687
14.1741
-1.13942
29.5407
-26.0911
-34.7572
-14.4749
-24.1442
43.9587
-31.2705
-54.0801
19.4524
99.2771
49.5546
8.11922
25.4454
24.9574
-56.7745
-84.0848
-86.437
-28.9184
28.5829
95.9184
101.329
46.9536
8.37358
-60.0898
-47.5974
0.164605
-10.4734
-28.7629
-13.8419
-45.9508
-22.4225
31.7654
48.9535
22.55
24.3346
36.4992
-25.1609
-95.976
-82.6042
-76.7919
-47.0941
61.3231
119.598
89.8734
14.6955
1.45386
-66.9055
-8.83267
-7.4691
-46.4041
-0.996833
-6.64754
-38.7571
-13.9819
81.2032
53.2082
9.52846
19.9957
25.2996
-34.7231
-89.3208
-100.637
-49.2101
7.1528
97.2203
117.577
78.9383
-4.3008
-37.8914
-33.0941
3.31569
-19.9593
-45.4102
-5.77174
-30.53
-18.2334
42.1429
43.2963
24.3562
16.6828
52.1885
-11.7058
-92.9401
-79.5064
-58.0209
-35.8365
-1.99522
121.748
164.311
44.8173
-29.1859
-67.6153
-10.614
-2.46103
-50.2229
7.34704
-9.27333
-32.9728
-5.43523
45.8921
31.983
25.586
34.9119
17.5843
-27.666
-77.8668
-80.4487
-61.1805
-46.4868
58.329
164.988
118.291
11.6367
-55.0195
-70.4591
-27.3351
1.92747
-22.6288
7.24779
-58.9919
-19.376
41.518
41.0948
8.16697
5.86326
65.6699
13.9012
-71.3753
-81.0697
-59.8702
-64.4838
-28.1814
118.766
181.028
79.2543
4.7605
-103.465
-48.1021
4.14204
-1.7587
-13.7914
-18.3866
-19.9914
-18.115
35.2625
9.68836
23.6354
47.1716
56.5458
-26.7149
-74.0918
-55.908
-62.9183
-71.9762
18.1609
182.856
162.236
33.7384
-70.078
-81.9422
-25.3987
16.9503
-27.0259
-6.18895
-26.8063
-13.7448
0.921782
26.1369
23.0322
30.4288
62.3783
20.22
-53.201
-90.064
-47.2248
-59.4867
-49.913
66.9589
199.436
134.485
7.27209
-124.997
-64.5633
3.82114
10.2024
-21.5261
-24.9466
-15.8079
-2.03535
7.42361
16.0317
21.9066
44.1371
63.5412
-36.2344
-76.4892
-66.2146
-45.3479
-91.8855
-34.1124
173.835
217.655
84.3016
-69.65
-110.472
-36.4515
12.9425
-11.0468
-6.89292
-21.6222
-15.4923
-5.57025
13.2557
29.6267
36.4417
60.2696
34.0464
-50.31
-87.548
-59.4456
-37.8129
-57.7866
-0.158219
217.324
194.417
65.8902
-134.713
-107.235
-13.3322
26.8381
3.53436
-42.7796
-20.0564
2.09472
2.75668
1.53758
15.327
49.6331
59.8777
-2.13754
-82.1967
-71.3983
-32.7359
-70.649
-82.419
87.8559
259.356
176.631
-50.0801
-142.804
-49.7945
21.578
8.24319
-25.9752
-31.927
-2.74799
2.38739
5.64602
15.8656
48.8579
47.1665
37.8699
-45.9908
-76.9181
-49.768
-52.4596
-88.7376
-78.9282
193.437
261.955
103.525
-137.001
-114.047
-5.91025
24.2375
-9.00836
-52.4194
-27.7161
6.27344
30.7266
-0.592498
19.2105
50.9013
69.2537
4.13906
-81.6346
-74.6747
-26.2109
-63.5775
-128.679
-1.89456
296.796
265.914
-48.724
-160.512
-62.4378
26.8636
-9.11754
-46.349
-44.6625
-9.29838
4.99692
8.08666
22.1171
54.8414
66.7157
47.746
-31.9282
-78.2885
-56.1426
-41.8795
-82.0071
-130.284
136.521
322.398
188.964
-130.171
-156.485
-35.0906
9.34095
0.0763623
-67.0915
-47.583
-3.29316
49.4743
14.2363
18.2324
64.4221
57.01
0.6587
-80.9055
-77.1557
-11.0455
-21.9713
-148.028
-92.9353
304.17
390.791
4.73782
-186.616
-102.176
10.4062
0.0552426
-64.5563
-62.6007
16.6791
50.4576
30.8547
-4.48721
33.2213
46.0604
38.8767
-32.9645
-63.6672
-40.5952
-13.6935
-87.5896
-184.491
26.7878
396.556
279.812
-132.851
-177.223
-43.9416
27.9221
-14.7746
-64.9729
-38.6214
19.3812
49.9393
9.17143
-17.1364
21.9775
51.2267
44.1781
-30.3294
-76.2006
-31.8888
-23.6252
-158.689
-149.155
217.995
481.843
100.137
-194.639
-122.759
30.5677
12.5801
-52.2572
-99.2616
4.48289
75.8532
39.5317
-49.7868
-2.4554
79.0915
70.7785
-4.99609
-87.7243
-47.6633
-27.3851
-91.4847
-239.546
-67.8841
437.093
410.272
-106.785
-183.638
-0.558628
24.0545
-56.0907
-103.74
-27.0433
37.1123
68.2338
9.43783
-7.78717
48.3789
57.6904
44.0435
-9.42715
-106.094
-93.0971
-20.1291
-140.614
-236.715
77.1135
628.966
212.51
-184.12
-170.973
-7.93811
4.70484
-85.7999
-111.714
-5.0327
97.1686
91.554
-31.0957
-2.75986
100.757
84.0137
-33.661
-108.8
-70.5994
21.608
-19.9085
-296.268
-187.006
374.037
660.189
-53.417
-245.281
-62.1642
-6.84876
-78.9255
-107.195
13.4029
39.0372
99.6995
31.9948
-13.2346
49.94
35.3046
-18.8939
18.2913
-54.374
-26.8064
-11.8597
-116.204
-287.295
-88.8126
694.133
351.376
-128.659
-251.094
-68.519
-25.6411
-78.0636
-76.3144
-15.6274
94.117
125.172
-28.9824
-106.876
9.1273
127.202
44.5696
-51.7145
-112.274
-4.2854
61.5354
-321.411
-350.703
180.151
1001.94
50.6102
-306.921
-116.216
43.6788
-61.3584
-218.821
1.17418
76.1413
97.2199
-30.8264
-103.156
85.2305
106.799
21.6467
55.549
-37.9241
-27.1109
-81.4635
-144.791
-427.606
-199.435
717.836
661.017
-46.4616
-346.477
-140.13
-160.445
-110.15
-60.8583
-45.8986
-13.9303
96.6584
49.148
-87.4079
9.19177
180.185
58.892
29.9542
-199.666
-7.74787
98.1056
-376.064
-506.532
1157.27