0.005
1.69572e+06
1.47505e+06
343248
194765
137534
106952
87787.2
74601.9
64960.5
57591.8
51757.8
47040.8
43143.2
39874.4
37085
34683.7
32594.2
30757.7
29139.7
27699.2
26409.5
25248.8
24198.2
23250.6
22381.9
21588.7
20867.3
20207.3
19590.6
19026.2
18501.5
18016.5
17568.3
17152.5
16765.6
16405.3
16067.3
15755
15463.2
15192.5
14934
14698.7
14475.6
14268.9
14075.4
13900.3
13734.4
13579.1
13437.8
13307.3
13187.4
13076.6
12970.4
12878.1
12798.6
12721.4
12655.5
12602
12545.5
12511.3
12470.5
12447.3
12426.8
12418.2
12415
12418.2
12426.8
12447.3
12470.5
12511.3
12545.5
12602
12655.5
12721.4
12798.6
12878.1
12970.4
13076.6
13187.4
13307.3
13437.8
13579.1
13734.4
13900.3
14075.4
14268.9
14475.6
14698.7
14934
15192.5
15463.2
15755
16067.3
16405.3
16765.6
17152.5
17568.3
18016.5
18501.5
19026.2
19590.6
20207.3
20867.3
21588.7
22381.9
23250.6
24198.2
25248.8
26409.5
27699.2
29139.7
30757.7
32594.2
34683.7
37085
39874.4
43143.2
47040.8
51757.8
57591.8
64960.5
74601.9
87787.2
106952
137534
194765
343248
1.47505e+06