200
0
1034
2067
3099
4127
5151
6170
7183
8189
9186
10175
11153
12120
13075
14017
14945
15858
16755
17636
18499
19344
20169
20974
21758
22521
23261
23978
24671
25340
25983
26600
27191
27755
28291
28799
29278
29728
30148
30538
30898
31227
31525
31791
32026
32229
32400
32538
32644
32718
32758
32767
32742
32685
32595
32473
32318
32132
31913
31662
31380
31066
30722
30347
29942
29506
29042
28548
28026
27476
26899
26295
25665
25009
24328
23623
22894
22143
21369
20574
19759
18924
18070
17198
16309
15403
14483
13548
12599
11638
10665
9682
8689
7687
6677
5661
4640
3613
2583
1551
517
-517
-1551
-2583
-3613
-4640
-5661
-6677
-7687
-8689
-9682
-10665
-11638
-12599
-13548
-14483
-15403
-16309
-17198
-18070
-18924
-19759
-20574
-21369
-22143
-22894
-23623
-24328
25009