200
0
4452
8820
13021
16978
20616
23869
26678
28996
30785
32017
32679
32766
32291
31273
29745
27752
25346
22588
19547
16296
12912
9474
6061
2752
-379
-3263
-5838
-8046
-9842
-11188
-12057
-12436
-12317
-11709
-10629
-9104
-7170
-4874
-2268
588
3633
6800
10020
13226
16351
19332
22110
24631
26849
28725
30229
31337
32039
32330
32217
31713
30841
29631
28120
26350
24366
22217
19956
17632
15297
12999
10785
8695
6765
5028
3505
2217
1171
374
-179
-498
-599
-501
-232
180
703
1305
1949
2603
3234
3811
4308
4701
4972
5106
5095
4935
4630
4185
3614
2933
2161
1324
446
-446
-1324
-2161
-2933
-3614
-4185
-4630
-4935
-5095
-5106
-4972
-4701
-4308
-3811
-3234
-2603
-1949
-1305
-703
-180
232
501
599
498
179
-374
-1171
2217